4 1
1 103
1 10
1 7
2 3
2 4
1 6
2 3
109 1
2 2
1 104
1 5
1 104
2 2
1 105
1 5
1 106
1 104
1 108
2 102
1 109
1 105
1 102
2 101
1 107
1 107
1 103
2 101
1 107
1 103
2 101
1 103
1 103
1 104
1 106
1 104
3 101
1 105
1 105
3 101
1 103
1 104
1 107
3 101
1 108
1 106
1 103
3 101
1 102
1 104
1 106
2 101
1 104
1 103
2 101
1 105
1 106
1 103
2 101
1 104
1 105
1 102
2 101
1 103
1 105
1 107
1 106
1 103
2 101
2 101
1 106
2 101
2 101
1 103
3 101
1 106
1 104
1 103
2 101
1 105
1 103
1 103
2 101
1 105
1 108
1 102
2 101
2 101
1 102
1 102
1 109
1 108
1 105
3 101
1 105
1 102
3 101
3 101
1 101
3 101
1 103
1 104
1 103
2 101
2 101
1 103
1 105
2 102
4 101
1 105
2 101
1 105
2 101
2 102
1 104
1 105
2 101
2 101
2 101
1 104
1 107
2 101
2 101
2 101
1 102
2 101
3 101
2 101
1 102
2 101
1 103
2 101
1 105
1 105
1 102
2 101
1 105
1 104
3 101
2 101
2 101
2 101
1 107
3 101
1 107
2 101
2 101
1 103
1 102
3 101
2 101
2 101
1 101
2 101
1 106
1 103
2 101
1 103
2 101
4 101
2 101
4 101
1 101
3 101
2 101
4 101
1 102
4 101
3 101
3 101
3 101
3 101
2 101
2 101
2 101
3 101
2 101
2 102
1 102
2 101
2 101
3 101
2 101
2 101
1 102
2 101
3 101
2 101
3 101
2 101
2 101
2 101
2 101
2 101
2 101
2 101
4 101
1 103
2 101
1 101
2 101
2 101
2 101
5 101
2 101
2 101
2 101
2 101
3 101
3 101
1 102
2 101
2 101
3 101
100 100
1 3
1 4
2 3
3 2
2 2
101 2
1 5
2 3
3 2
1 9
3 5
3 2
1 4
2 5
2 5
2 5
101 4
3 5
1 12
2 5
4 5
2 5
101 4
3 5
3 2
3 2
1 3
2 2
5 2
2 2
2 2
101 2
3 2
2 2
4 2
2 2
2 1
1 3
1 6
7 1
1 6
1 9
2 3
2 2
1 8
1 3
2 2
1 5
7 1
2 2
1 7
1 8
1 5
1 10
1 8
1 6
1 3
2 2
4 1
1 7
2 2
1 7
2 2
1 5
4 1
1 6
1 7
2 3
2 1
1 5
1 7
7 1
1 8
2 5
1 8
1 9
2 5
1 6
1 3
1 3
2 2
4 1
1 7
1 5
1 10
1 7
2 2
105 1
1 10
3 4
1 5
101 2
2 3
3 3
4 4
1 5
1 8
101 2
4 3
3 3
2 3
2 3
3 4
2 4
2 4
101 3
2 4
101 2
2 3
3 2
1 4
2 2
7 1
1 3
1 8
1 4
1 6
3 2
105 1
3 3
1 8
1 8
4 4
2 4
2 4
4 4
101 3
4 5
1 8
2 5
2 5
4 5
101 4
101 4
3 5
2 5
2 5
1 9
2 4
2 4
3 4
101 3
2 4
101 2
2 3
2 3
6 1
1 8
2 4
2 3
1 9
2 2
1 4
1 6
3 2
2 4
2 2
3 1
1 4
1 7
9 1
1 9
1 3
1 3
3 4
1 4
2 2
1 5
2 2
1 4
3 2
3 2
5 1
2 3
1 5
1 5
2 2
2 3
1 5
2 2
7 1
1 3
1 5
1 8
1 5
3 3
4 2
3 3
3 2
5 1
1 7
1 6
1 8
5 1
1 8
3 3
3 2
3 3
6 1
1 4
1 3
1 6
1 7
2 2
1 5
2 2
2 4
3 1
1 11
1 4
4 1
1 8
1 8
1 4
1 3
7 1
2 3
1 9
1 7
2 3
1 6
2 2
9 1
1 6
1 6
1 3
1 6
2 4
4 3
2 3
4 2
2 3
4 2
4 2
3 1
2 2
1 5
1 5
5 1
1 8
2 4
1 7
1 8
1 3
3 2
5 1
1 7
1 12
1 4
2 2
11 1
5 2
4 3
1 6
4 3
1 9
4 4
1 7
1 6
4 2
4 2
1 4
4 2
2 2
105 1
3 4
101 2
2 3
2 3
4 3
101 3
101 2
4 3
101 5
2 2
105 1
1 6
101 2
4 3
2 3
101 2
2 3
1 3
2 2
1 4
2 3
3 2
101 2
2 2
7 1
1 4
1 8
2 6
4 5
1 4
4 3
4 2
1 3
4 2
3 1
1 5
10 1
1 7
1 7
2 3
1 3
1 3
4 3
1 8
4 2
5 2
106 1
3 5
3 5
2 3
1 7
101 2
3 3
2 3
2 3
1 7
102 2
2 4
101 3
101 4
3 2
1 4
101 2
3 3
2 5
5 3
4 3
2 3
3 2
4 2
2 3
3 2
105 1
1 8
2 5
2 5
101 4
2 5
101 3
2 4
1 6
2 4
1 3
4 4
3 4
101 3
101 3
2 4
1 7
2 1
1 8
1 7
4 1
1 9
1 6
2 2
1 5
2 2
2 2
8 1
1 8
2 2
1 6
1 5
3 4
1 2
3 2
7 1
1 4
3 2
1 6
1 5
1 13
3 2
3 2
3 2
1 2
2 4
1 8
103 1
1 9
3 5
2 5
3 2
1 5
3 5
3 5
101 4
2 2
4 2
1 5
1 4
6 1
1 8
2 6
2 2
1 5
1 6
1 2
5 1
1 9
1 5
2 3
1 7
2 2
2 2
2 2
7 1
1 7
1 9
3 3
3 2
1 3
1 4
3 2
6 1
1 5
1 5
2 3
2 2
2 2
2 2
2 2
5 1
1 6
1 4
4 2
3 3
3 2
108 1
1 5
101 4
1 3
2 2
1 6
4 2
1 8
101 4
4 5
1 9
2 3
5 2
2 2
2 2
2 3
2 2
3 2
2 3
1 2
101 2
2 3
3 2
2 2
101 2
2 3
2 2
2 2
3 1
1 8
2 3
102 1
1 9
3 3
101 2
3 3
2 3
2 3
2 3
3 1
1 3
1 5
4 1
2 4
2 2
1 3
2 2
5 1
2 4
2 2
2 2
1 3
2 2
4 1
2 3
9 1
1 9
1 5
2 2
1 6
1 2
1 7
1 6
2 2
2 2
2 3
2 2
4 1
3 2
3 2
7 1
1 8
1 4
1 5
3 2
3 3
3 2
1 3
3 2
7 1
1 7
1 6
3 2
3 2
9 1
1 7
1 5
2 2
2 2
1 3
3 3
3 2
8 1
1 5
2 2
1 6
4 3
1 2
4 1
1 9
1 7
2 2
106 1
2 2
1 6
1 5
1 9
2 5
2 5
2 5
101 4
3 2
101 2
2 3
2 3
2 3
3 3
2 3
3 2
101 2
1 6
2 4
2 3
2 2
3 2
101 2
2 3
3 2
3 2
3 2
6 1
1 9
1 6
2 2
2 3
1 4
2 3
2 3
4 1
2 3
2 4
1 6
2 3
104 1
1 6
1 6
2 4
2 3
1 4
3 3
2 4
101 3
102 2
2 2
3 2
2 2
5 1
1 4
2 3
1 3
3 2
2 2
8 1
1 4
1 8
1 9
1 3
1 11
1 6
5 1
1 4
4 1
1 4
2 2
7 1
1 4
2 2
1 5
1 4
3 2
2 2
2 2
7 1
2 2
1 7
1 4
1 5
2 4
2 2
2 2
4 1
1 5
1 5
105 1
4 2
1 7
101 2
3 4
4 4
101 3
2 2
106 1
4 2
1 6
2 4
1 6
2 6
4 6
101 5
2 2
2 2
5 3
2 4
101 3
3 2
3 3
2 3
3 2
101 2
3 3
2 2
4 2
2 1
4 1
2 2
1 4
2 3
6 1
1 7
3 3
3 2
5 1
2 2
2 3
2 3
2 2
5 1
2 3
1 4
6 1
1 10
3 2
3 2
2 2
3 2
7 1
1 6
1 5
1 3
104 1
4 3
4 2
1 7
101 2
2 3
2 2
2 2
2 2
3 2
2 2
3 1
5 1
1 6
1 11
3 4
3 3
1 4
3 2
4 1
1 7
1 3
1 6
2 2
5 1
1 4
1 3
5 1
1 6
1 8
2 3
2 3
2 2
6 1
1 8
1 4
2 5
1 3
2 2
2 2
5 1
1 9
1 6
1 2
6 1
1 6
2 4
6 1
2 2
1 3
4 1
1 4
2 2
2 2
6 1
1 4
6 1
1 5
2 1
7 1
2 4
4 3
4 2
5 1
1 5
1 3
1 4
5 1
2 2
2 2
9 1
1 9
2 2
1 4
1 9
1 8
2 3
2 3
2 2
1 5
2 2
1 2
103 1
1 7
102 2
2 3
4 3
3 3
1 3
2 4
101 3
4 1
1 5
104 1
5 2
1 6
3 2
1 4
3 3
2 2
2 2
101 2
2 2
3 2
2 2
6 1
2 2
2 2
2 3
2 3
2 3
1 3
3 2
102 1
3 2
4 1
1 8
2 3
2 2
1 5
2 2
2 2
4 1
7 1
1 4
1 2
1 4
6 1
4 3
2 4
4 4
4 2
5 1
2 3
2 4
105 1
4 6
1 7
101 5
1 5
3 2
3 3
2 2
101 2
2 3
2 3
3 1
1 5
1 6
5 1
2 4
3 2
104 1
3 2
1 5
3 2
2 3
2 2
101 2
4 3
1 4
2 3
2 2
5 2
2 2
101 2
2 2
3 1
1 4
2 1
3 1
2 3
1 5
6 1
1 5
2 2
7 1
1 4
1 5
3 3
4 2
8 1
1 10
1 4
1 9
2 2
1 5
1 5
1 4
3 1
2 2
1 5
2 2
7 1
2 2
5 1
3 2
2 2
110 1
101 2
2 3
4 3
2 3
3 3
3 2
1 4
4 3
1 4
3 3
5 2
1 4
4 3
101 2
3 3
4 3
101 2
101 2
4 3
2 3
2 3
4 3
101 2
2 3
2 3
2 2
101 2
3 3
11 1
1 5
3 3
3 2
3 3
2 2
103 1
101 2
2 3
101 2
3 3
4 3
2 3
103 1
1 5
2 2
2 2
5 1
6 1
2 2
2 3
5 1
2 2
103 1
1 6
2 2
4 2
1 3
101 2
2 3
2 2
9 1
1 3
2 2
2 2
1 4
1 3
4 1
8 1
1 2
4 1
1 5
1 2
3 2
106 1
3 2
101 3
4 4
2 4
2 4
2 4
102 2
1 4
5 2
3 2
3 2
2 2
5 1
2 2
7 1
1 7
1 4
2 2
1 5
1 2
2 2
1 4
4 1
102 1
2 2
2 2
2 2
3 2
2 2
2 2
2 2
6 1
1 9
2 2
3 3
3 2
104 1
4 3
101 2
5 3
5 4
101 3
2 4
2 3
101 2
8 1
1 8
3 2
1 2
1 3
4 2
3 2
7 1
2 4
3 2
2 3
104 1
2 2
2 2
1 2
5 1
3 2
3 1
1 5
1 5
104 1
101 3
2 4
3 4
2 4
101 2
2 2
4 2
4 2
6 1
3 4
2 2
3 2
2 2
7 1
1 3
1 7
1 4
1 2
2 2
104 1
1 6
2 3
2 3
4 3
101 2
4 1
1 3
6 1
2 3
2 4
2 2
2 2
9 1
1 5
1 6
2 2
2 2
3 1
2 3
2 2
5 1
105 1
1 4
4 2
3 4
2 4
2 4
101 3
2 4
3 3
2 3
101 2
3 3
3 3
101 2
4 2
3 1
2 3
8 1
1 4
1 7
1 7
1 3
4 1
1 6
2 2
2 1
110 1
3 5
101 4
2 4
101 3
3 2
3 2
104 1
4 2
2 2
3 2
104 1
3 3
101 3
101 2
3 3
2 3
3 4
2 5
2 5
101 3
2 5
101 4
102 2
2 4
4 3
5 3
101 2
3 3
2 3
7 1
1 5
1 4
2 3
4 2
5 1
5 1
3 2
7 1
3 2
6 1
1 4
5 1
3 2
3 2
3 1
1 2
2 3
5 1
4 1
1 10
2 4
2 2
7 1
2 1
4 1
3 1
1 3
4 1
3 2
2 3
3 1
4 1
104 1
2 2
101 3
2 4
2 2
2 2
2 2
2 2
8 1
1 3
2 2
3 1
1 2
5 1
2 3
3 1
103 1
3 4
101 3
2 2
2 2
2 2
2 2
5 1
5 1
3 4
3 3
3 2
4 2
4 1
3 2
4 1
3 2
6 1
1 7
2 2
2 2
4 1
1 4
4 1
1 4
2 2
4 1
1 4
7 1
3 3
4 1
2 2
106 1
2 4
3 2
101 2
3 3
4 3
101 3
101 2
4 2
2 2
5 1
2 4
2 3
2 2
2 2
6 1
104 1
101 2
3 3
2 4
3 4
2 4
101 3
2 4
11 1
5 2
2 2
2 2
4 1
2 2
2 2
6 1
1 3
1 2
10 1
1 7
3 3
3 2
3 3
2 2
6 1
2 2
5 1
1 4
7 1
2 2
2 2
8 1
2 3
2 3
1 2
1 6
2 2
2 2
2 2
9 1
2 2
1 5
4 3
2 4
104 1
101 2
5 3
2 3
101 2
2 3
3 3
4 1
2 2
7 1
1 5
3 2
4 2
106 1
1 3
2 2
2 2
2 2
5 1
5 1
2 2
102 1
7 1
2 2
2 3
1 3
2 1
104 1
101 3
5 1
2 2
102 1
2 3
2 3
2 3
101 2
101 2
3 3
6 1
2 2
2 2
9 1
2 2
2 2
5 1
5 1
1 5
7 1
1 4
3 2
3 2
4 1
2 4
4 1
2 2
103 1
2 2
2 2
3 2
1 3
3 2
3 1
2 2
4 1
1 3
4 1
5 1
2 2
2 2
105 1
1 2
101 2
106 1
3 3
3 2
2 2
2 3
2 2
101 2
4 3
101 2
3 2
2 2
106 1
2 2
105 1
4 2
2 2
3 2
4 2
1 2
4 1
3 1
2 2
105 1
1 6
2 2
3 2
2 2
3 2
10 1
3 3
4 2
8 1
3 3
5 1
104 1
101 2
2 3
2 2
2 2
1 4
3 2
101 2
5 2
2 1
106 1
101 2
2 2
2 2
2 2
2 2
2 2
104 1
5 1
1 2
1 3
9 1
103 1
101 2
101 2
103 1
2 2
3 2
5 1
2 2
1 5
2 2
107 1
3 2
2 2
2 2
2 2
101 2
3 1
7 1
5 2
5 2
1 4
5 1
2 2
3 1
3 1
3 1
6 1
3 1
5 1
2 2
104 1
9 1
4 2
6 1
2 2
5 1
4 1
2 2
2 2
8 1
3 2
8 1
2 4
5 1
3 1
2 2
9 1
5 2
102 1
101 2
4 3
4 1
5 1
7 1
2 2
2 2
1 5
2 2
2 2
11 1
5 2
5 2
5 2
5 2
7 1
2 2
5 1
2 2
3 1
9 1
5 2
1 4
2 2
9 1
7 1
106 1
101 3
2 1
1 6
105 1
2 2
3 3
4 2
3 2
101 2
2 2
2 1
102 1
2 2
2 2
105 1
2 2
2 2
2 2
3 2
101 2
2 3
2 2
3 2
3 2
106 1
2 2
6 1
102 1
6 1
3 2
3 2
9 1
3 2
1 2
104 1
3 2
3 2
5 1
104 1
102 2
2 3
3 2
5 1
3 1
6 1
2 2
6 1
2 2
102 1
2 2
102 1
5 1
102 1
105 1
2 3
101 3
101 2
2 2
3 3
101 2
3 1
7 1
1 3
9 1
4 2
5 1
2 2
6 1
3 2
3 2
11 1
2 2
2 2
1 2
6 1
6 1
2 2
7 1
6 1
3 2
5 1
2 2
7 1
7 1
8 1
3 1
10 1
3 3
1 2
6 1
4 1
6 1
2 2
2 2
6 1
5 1
2 2
2 2
2 2
4 1
107 1
101 2
2 3
101 2
2 2
3 2
2 2
6 1
13 1
1 2
8 1
104 1
2 2
2 2
107 1
2 3
2 2
2 2
2 2
101 2
104 1
101 2
2 3
2 3
2 2
105 1
2 2
1 3
2 2
3 1
101 1
2 2
7 1
2 2
5 1
3 1
4 1
7 1
2 2
8 1
8 1
1 2
4 2
5 1
6 1
2 3
8 1
4 1
9 1
3 2
2 3
3 2
1 2
5 1
4 1
7 1
3 2
6 1
5 1
6 1
4 1
3 1
105 1
4 1
4 1
8 1
3 1
7 1
2 2
3 1
5 1
3 2
2 1
5 1
9 1
106 1
3 1
4 1
3 1
6 1
2 2
103 1
101 2
6 1
2 2
3 1
6 1
8 1
2 2
7 1
5 2
102 1
4 1
3 1
4 1
5 1
2 2
3 1
9 1
8 1
4 1
2 2
105 1
2 2
2 2
2 2
10 1
2 2
2 2
104 1
3 2
2 3
101 2
107 1
105 1
6 1
3 1
6 1
3 1
3 1
2 2
3 1
8 1
4 1
105 1
2 2
3 1
3 1
106 1
104 1
2 2
2 2
104 1
107 1
2 2
10 1
2 2
4 1
9 1
2 2
5 1
3 2
101 1
4 1
3 2
4 1
7 1
106 1
2 2
106 1
3 1
106 1
2 2
2 2
7 1
6 1
104 1
7 1
2 2
4 1
6 1
103 1
9 1
2 2
3 1
8 1
3 1
5 1
6 2
8 1
5 1
5 1
6 1
3 1
8 1
6 1
8 1
4 1
3 1
5 1
2 1
5 1
105 1
3 2
3 1
3 1
5 1
8 1
8 1
6 1
3 1
105 1
7 1
5 1
5 1
5 1
9 1
4 1
8 1
3 1
3 1
5 1
6 1
103 1
3 1
