33	2
1	210	95	94	93	55	56	57	102	88	87	85	84	83	49	103	114	36	19	20	76	75	200	46	37	45	113	112	68	135	64	38	65	
3	4	
25	2
1	210	92	54	101	82	56	289	102	73	111	134	84	83	131	103	35	113	19	20	45	75	65	46	64	
4	7	
17	2
1	210	78	74	64	46	56	65	102	75	45	20	84	83	19	103	113	
3	7	
15	3
1	210	113	103	64	46	56	65	102	75	45	20	84	83	19	
3	4	7	
17	2
1	96	157	50	69	68	88	87	39	107	12	20	135	49	115	77	78	
0	3	
29	2
1	100	89	99	79	108	111	90	81	117	54	71	130	73	51	43	60	62	92	84	42	80	82	101	61	109	52	41	70	
7	17	
14	2
1	68	88	20	105	135	48	101	49	82	138	67	40	87	
0	4	
7	3
1	68	88	20	87	135	49	
0	3	4	
26	2
1	99	79	20	232	90	117	101	82	60	42	80	61	109	52	41	70	78	110	329	272	367	348	72	53	91	
0	7	
21	2
1	99	79	107	69	90	117	101	82	60	42	80	61	109	52	41	70	50	12	23	87	
0	17	
15	3
1	99	79	70	41	90	117	101	82	60	42	80	61	109	52	
0	7	17	
3	3
1	20	78	
0	3	7	
4	3
1	20	82	101	
0	4	7	
2	4
1	20	
0	3	4	7	
11	2
1	107	84	12	50	87	69	93	36	112	55	
3	17	
6	3
1	107	69	12	50	87	
0	3	17	
17	2
1	84	93	36	73	87	82	101	112	55	54	111	44	63	294	98	92	
4	17	
7	3
1	84	93	36	55	87	112	
3	4	17	
8	3
1	84	73	92	111	54	82	101	
4	7	17	
2	4
1	84	
3	4	7	17	
4	3
1	87	101	82	
0	4	17	
2	4
1	87	
0	3	4	17	
3	4
1	101	82	
0	4	7	17	
26	2
356	108	11	87	19	51	68	185	37	49	106	337	40	99	79	41	90	50	12	69	107	60	42	80	52	61	
11	18	
24	2
82	108	109	87	19	51	63	301	339	49	44	101	62	43	119	81	90	89	71	100	56	130	358	52	
9	16	
31	2
82	108	109	87	4	51	63	23	5	61	44	101	62	43	36	81	90	89	71	100	80	130	42	52	55	99	34	118	293	112	93	
16	17	
29	2
82	108	109	87	30	51	63	204	98	262	44	101	62	43	79	81	90	89	71	100	41	130	117	52	50	12	69	107	60	
9	17	
17	3
82	108	109	87	52	51	63	130	100	71	44	101	62	43	89	81	90	
9	16	17	
30	2
82	108	109	31	52	51	63	130	6	71	44	101	19	301	89	97	90	79	59	41	116	117	78	50	12	69	107	60	40	399	
8	9	
31	2
82	108	109	110	52	51	63	130	53	71	44	101	19	301	89	45	90	72	64	205	83	210	102	61	91	131	112	80	42	99	34	
8	16	
32	2
82	108	109	110	52	51	70	130	53	71	60	101	19	78	89	45	90	72	64	225	83	210	102	61	91	131	79	80	42	99	41	117	
7	8	
39	2
82	108	109	110	52	51	103	130	53	71	113	101	19	56	89	45	90	72	64	178	83	210	102	61	91	131	100	80	42	99	119	235	75	74	46	43	81	197	62	
7	16	
25	3
82	108	109	110	52	51	99	130	53	71	42	101	19	80	89	45	90	72	64	131	83	210	102	61	91	
7	8	16	
29	2
82	108	109	63	52	51	99	130	44	71	42	101	70	80	89	60	90	112	34	234	158	107	50	61	12	117	69	41	79	
8	17	
18	3
82	108	109	63	52	51	99	130	44	71	42	101	61	80	89	34	90	112	
8	16	17	
20	3
82	108	109	63	52	51	60	130	44	71	79	101	41	69	89	50	90	107	117	12	
8	9	17	
14	3
82	108	109	63	52	51	19	130	44	71	301	101	90	89	
8	9	16	
12	4
82	108	109	63	52	51	89	130	44	71	90	101	
8	9	16	17	
18	3
82	108	109	99	52	51	89	130	42	71	90	101	61	62	80	43	100	81	
7	16	17	
19	3
82	108	109	99	52	51	89	130	42	71	90	101	61	70	80	117	60	79	41	
7	8	17	
14	4
82	108	109	99	52	51	89	130	42	71	90	101	61	80	
7	8	16	17	
26	2
82	108	109	19	52	51	89	130	232	71	90	101	24	289	117	60	79	41	176	81	100	43	62	56	119	78	
7	9	
16	3
82	108	109	19	52	51	89	130	78	71	90	101	41	79	117	60	
7	8	9	
17	3
82	108	109	19	52	51	89	130	119	71	90	101	43	100	81	62	56	
7	9	16	
11	4
82	108	109	19	52	51	89	130	101	71	90	
7	8	9	16	
18	3
82	108	109	41	52	51	89	130	101	71	90	43	100	81	62	79	117	60	
7	9	17	
14	4
82	108	109	41	52	51	89	130	101	71	90	60	117	79	
7	8	9	17	
14	4
82	108	109	43	52	51	89	130	101	71	90	100	81	62	
7	9	16	17	
10	5
82	108	109	90	52	51	89	130	101	71	
7	8	9	16	17	
20	2
82	303	109	90	52	173	63	44	101	71	100	81	62	43	287	24	78	6	119	56	
6	9	
33	2
82	171	102	37	267	173	63	44	101	105	113	19	94	75	83	48	64	6	88	56	55	67	93	45	46	36	134	92	85	73	111	112	54	
4	5	
37	2
82	109	102	37	5	74	63	44	101	184	113	19	94	75	83	130	64	72	123	56	91	100	53	45	46	71	110	81	103	62	43	112	87	34	131	90	52	
15	16	
24	2
82	109	102	50	359	131	63	44	101	340	34	19	112	90	83	130	64	72	52	110	91	71	53	45	
8	15	
34	2
82	109	102	113	74	131	111	75	101	54	65	19	73	90	83	130	64	72	52	110	91	71	53	45	56	100	46	24	81	92	84	103	62	43	
7	15	
27	3
82	109	102	113	74	131	103	75	101	62	43	19	81	90	83	130	64	72	52	110	91	71	53	45	56	100	46	
7	15	16	
21	3
82	109	102	63	44	131	34	112	101	45	53	19	71	90	83	130	64	72	52	110	91	
8	15	16	
17	4
82	109	102	91	110	131	52	72	101	45	53	19	71	90	83	130	64	
7	8	15	16	
30	2
82	109	93	91	110	131	52	72	101	56	53	81	71	90	43	100	36	61	80	99	46	42	119	55	74	62	103	63	112	44	
6	16	
25	2
82	109	93	92	84	111	52	54	101	73	44	81	71	90	43	100	36	61	80	99	112	42	63	55	62	
6	17	
20	3
82	109	93	62	55	63	52	42	101	112	44	81	71	90	43	100	36	61	80	99	
6	16	17	
26	2
82	109	115	107	96	68	52	12	101	117	49	69	41	90	79	60	39	50	77	97	232	40	59	78	87	116	
0	9	
26	2
82	109	112	140	34	5	52	98	101	84	81	92	71	90	43	294	73	50	54	44	111	130	63	100	87	62	
15	17	
24	2
82	109	112	347	131	53	52	361	101	91	72	110	71	90	42	265	61	6	99	44	88	80	63	78	
6	8	
17	3
82	109	112	5	130	34	52	100	101	81	62	43	71	90	63	87	44	
15	16	17	
29	2
82	109	112	131	46	65	52	100	101	81	62	43	71	90	63	74	44	91	53	72	103	110	54	73	92	84	111	56	24	
6	15	
22	3
82	109	112	131	46	56	52	100	101	81	62	43	71	90	63	74	44	91	53	72	103	110	
6	15	16	
18	3
82	109	112	131	99	61	52	42	101	80	110	72	71	90	63	53	44	91	
6	8	16	
14	4
82	109	112	131	91	44	52	53	101	63	110	72	71	90	
6	8	15	16	
12	3
82	109	112	130	34	44	52	50	101	63	90	71	
8	15	17	
11	4
82	109	112	130	34	44	52	71	101	63	90	
8	15	16	17	
18	3
82	109	112	54	73	44	52	71	101	63	90	111	92	84	100	81	62	43	
6	15	17	
13	4
82	109	112	61	80	44	52	71	101	63	90	42	99	
6	8	16	17	
13	4
82	109	112	43	62	44	52	71	101	63	90	81	100	
6	15	16	17	
9	5
82	109	112	90	63	44	52	71	101	
6	8	15	16	17	
11	3
82	109	232	90	41	79	52	60	101	78	117	
0	7	9	
20	2
82	109	63	90	98	71	52	62	101	185	81	130	56	50	19	87	44	100	24	43	
9	15	
16	3
82	109	63	90	98	71	52	62	101	43	81	130	100	50	44	87	
9	15	17	
10	3
82	109	63	90	78	71	52	6	101	44	
6	8	9	
16	3
82	109	63	90	43	71	52	62	101	44	130	81	19	56	87	100	
9	15	16	
14	4
82	109	63	90	43	71	52	62	101	44	130	81	100	87	
9	15	16	17	
14	3
82	109	63	90	43	71	52	62	101	44	24	81	100	56	
6	9	15	
14	3
82	109	63	90	43	71	52	62	101	44	119	81	100	56	
6	9	16	
13	4
82	109	63	90	43	71	52	62	101	44	56	81	100	
6	9	15	16	
12	5
82	109	63	90	43	71	52	62	101	44	100	81	
6	9	15	16	17	
11	3
82	109	63	90	130	71	52	50	101	44	19	
8	9	15	
10	4
82	109	63	90	130	71	52	50	101	44	
8	9	15	17	
10	4
82	109	63	90	130	71	52	19	101	44	
8	9	15	16	
9	5
82	109	63	90	130	71	52	44	101	
8	9	15	16	17	
8	6
82	109	63	90	101	71	52	44	
6	8	9	15	16	17	
29	2
82	109	41	90	101	107	52	79	99	42	80	61	53	110	91	72	12	97	50	40	69	167	116	59	70	117	88	60	78	
0	8	
18	3
82	109	41	90	101	107	52	79	99	42	80	61	69	50	60	117	12	70	
0	8	17	
18	3
82	109	41	90	101	107	52	79	116	78	97	40	69	50	60	117	12	59	
0	8	9	
14	3
82	109	41	90	101	107	52	79	87	12	117	60	69	50	
0	9	17	
13	4
82	109	41	90	101	107	52	79	50	12	117	60	69	
0	8	9	17	
19	3
82	109	41	90	101	99	52	79	53	70	117	60	42	110	91	80	72	78	61	
0	7	8	
14	4
82	109	41	90	101	99	52	79	61	70	117	60	42	80	
0	7	8	17	
10	4
82	109	41	90	101	78	52	79	60	117	
0	7	8	9	
9	5
82	109	41	90	101	117	52	79	60	
0	7	8	9	17	
34	2
82	109	71	90	101	131	52	322	92	78	74	42	80	91	72	61	110	348	53	99	111	103	81	54	119	46	100	62	56	65	24	43	73	84	
6	7	
26	3
82	109	71	90	101	131	52	73	92	43	74	24	65	91	72	56	110	84	53	62	111	103	81	54	100	46	
6	7	15	
16	3
82	109	71	90	101	131	52	78	42	53	99	80	61	91	72	110	
6	7	8	
24	3
82	109	71	90	101	131	52	43	42	53	99	80	61	91	72	110	56	74	62	119	103	81	46	100	
6	7	16	
19	4
82	109	71	90	101	131	52	43	100	53	46	81	103	91	72	110	56	74	62	
6	7	15	16	
15	4
82	109	71	90	101	131	52	42	99	53	80	61	110	91	72	
6	7	8	16	
11	5
82	109	71	90	101	131	52	72	91	53	110	
6	7	8	15	16	
14	3
82	109	71	90	101	19	52	130	24	62	56	43	100	81	
7	9	15	
13	4
82	109	71	90	101	19	52	130	81	62	56	43	100	
7	9	15	16	
8	5
82	109	71	90	101	19	52	130	
7	8	9	15	16	
16	3
82	109	71	90	101	73	52	130	62	84	43	100	81	92	54	111	
7	15	17	
19	3
82	109	71	90	101	73	52	99	62	84	43	100	81	92	54	111	61	42	80	
6	7	17	
15	4
82	109	71	90	101	73	52	111	62	84	43	100	81	92	54	
6	7	15	17	
11	5
82	109	71	90	101	130	52	81	62	100	43	
7	9	15	16	17	
7	6
82	109	71	90	101	130	52	
7	8	9	15	16	17	
14	3
82	109	71	90	101	78	52	119	100	43	62	81	56	24	
6	7	9	
7	4
82	109	71	90	101	78	52	
6	7	8	9	
12	4
82	109	71	90	101	119	52	100	43	62	81	56	
6	7	9	16	
14	4
82	109	71	90	101	99	52	100	43	62	81	80	42	61	
6	7	16	17	
10	5
82	109	71	90	101	99	52	61	42	80	
6	7	8	16	17	
12	4
82	109	71	90	101	100	52	56	24	43	81	62	
6	7	9	15	
11	5
82	109	71	90	101	100	52	56	62	43	81	
6	7	9	15	16	
10	6
82	109	71	90	101	100	52	81	62	43	
6	7	9	15	16	17	
6	7
82	109	71	90	101	52	
6	7	8	9	15	16	17	
18	2
82	109	72	90	101	52	91	53	110	138	26	23	80	42	61	99	49	87	
0	16	
17	2
82	109	72	90	101	52	91	53	110	348	135	78	80	42	61	99	88	
0	6	
15	3
82	109	72	90	101	52	91	53	110	348	99	78	80	42	61	
0	6	7	
11	2
82	109	72	90	101	52	91	53	110	87	50	
0	15	
10	3
82	109	72	90	101	52	91	53	110	87	
0	15	16	
15	3
82	109	72	90	101	52	91	53	110	99	78	80	42	61	88	
0	6	8	
14	4
82	109	72	90	101	52	91	53	110	99	78	80	42	61	
0	6	7	8	
13	5
82	109	72	90	101	52	91	53	110	99	61	80	42	
0	6	7	8	16	
10	3
82	109	72	90	101	52	91	53	110	50	
0	8	15	
9	6
82	109	72	90	101	52	91	53	110	
0	6	7	8	15	16	
11	3
82	109	23	90	101	52	61	87	99	42	80	
0	16	17	
7	3
82	109	49	90	101	52	87	
0	9	16	
9	6
82	109	61	90	101	52	99	42	80	
0	6	7	8	16	17	
7	4
82	109	87	90	101	52	50	
0	9	15	17	
6	5
82	109	87	90	101	52	
0	9	15	16	17	
6	5
82	109	50	90	101	52	
0	8	9	15	17	
6	5
82	109	78	90	101	52	
0	6	7	8	9	
5	8
82	109	52	90	101	
0	6	7	8	9	15	16	17	
33	2
82	180	323	102	101	78	45	6	83	64	44	75	66	113	63	110	104	93	53	91	55	36	72	111	73	47	92	19	56	46	54	34	112	
5	14	
28	2
82	210	49	102	101	87	45	131	83	64	44	75	37	113	63	94	138	93	112	332	55	36	46	103	351	56	370	19	
4	16	
14	3
82	210	56	102	101	19	45	131	83	64	46	75	103	113	
4	7	16	
16	2
82	210	44	102	101	19	45	131	83	64	6	40	112	88	63	267	
4	8	
12	3
82	210	44	102	101	19	45	131	83	64	63	112	
4	8	16	
9	4
82	210	64	102	101	19	45	131	83	
4	7	8	16	
29	2
82	66	93	55	101	36	47	131	322	63	112	84	104	54	6	44	92	103	78	46	56	65	110	72	111	53	91	73	74	
6	14	
35	2
82	66	93	55	101	36	47	88	85	63	112	426	104	54	6	44	92	173	78	46	56	24	110	72	111	53	91	73	189	62	119	81	43	100	132	
5	6	
23	3
82	66	93	55	101	36	47	73	91	63	112	53	104	54	6	44	92	111	78	46	56	72	110	
5	6	14	
15	2
82	40	68	19	101	44	289	49	56	63	98	87	173	344	6	
4	9	
6	3
82	40	68	87	101	49	
0	4	9	
7	3
82	40	19	44	101	63	6	
4	8	9	
4	3
82	40	88	101	
0	4	8	
3	4
82	40	101	
0	4	8	9	
37	2
82	74	101	123	91	72	110	53	92	65	103	63	44	19	84	34	111	56	114	113	87	73	57	102	54	38	295	45	75	83	46	64	112	131	185	76	95	
14	15	
28	2
82	74	101	123	91	72	110	53	36	199	103	63	44	19	55	34	93	56	131	113	87	112	64	102	46	83	75	45	
14	16	
24	3
82	74	101	123	91	72	110	53	45	75	103	63	44	19	83	34	46	56	131	113	87	112	64	102	
14	15	16	
28	2
82	74	101	54	91	72	110	53	45	75	103	65	322	19	83	73	46	56	131	113	111	92	64	102	84	341	360	78	
7	14	
24	3
82	74	101	54	91	72	110	53	45	75	103	65	84	19	83	73	46	56	131	113	111	92	64	102	
7	14	15	
20	3
82	74	101	54	91	72	110	53	63	44	103	65	84	112	92	73	46	56	131	111	
6	14	15	
19	3
82	74	101	54	91	72	110	53	111	322	103	65	84	78	92	73	46	56	131	
6	7	14	
17	4
82	74	101	54	91	72	110	53	111	131	103	65	84	56	92	73	46	
6	7	14	15	
18	4
82	74	101	45	91	72	110	53	75	131	103	19	83	56	113	64	46	102	
7	14	15	16	
17	3
82	74	101	36	91	72	110	53	112	131	103	44	63	56	93	55	46	
6	14	16	
14	4
82	74	101	46	91	72	110	53	112	131	103	44	63	56	
6	14	15	16	
11	5
82	74	101	46	91	72	110	53	56	131	103	
6	7	14	15	16	
11	2
82	67	101	105	91	72	110	53	48	78	88	
0	5	
6	3
82	67	101	105	88	48	
0	4	5	
14	2
82	185	101	44	19	63	87	6	78	56	77	39	115	96	
9	14	
8	3
82	185	101	44	19	63	87	56	
9	14	15	
21	2
82	88	101	44	19	63	112	110	78	72	91	267	34	6	45	53	130	64	102	83	133	
5	8	
13	3
82	88	101	44	19	63	112	6	83	102	64	267	45	
4	5	8	
24	2
82	88	101	44	135	63	112	6	209	84	65	103	92	131	73	54	111	173	85	46	55	93	36	56	
4	6	
12	3
82	88	101	44	72	63	112	6	53	78	110	91	
5	6	8	
18	3
82	88	101	44	92	63	112	6	56	36	93	55	46	73	54	111	173	85	
4	5	6	
8	3
82	88	101	44	131	63	112	6	
4	6	8	
7	4
82	88	101	44	6	63	112	
4	5	6	8	
8	4
82	88	101	91	110	78	53	72	
0	5	6	8	
4	3
82	88	101	135	
0	4	6	
3	5
82	88	101	
0	4	5	6	8	
16	2
82	25	101	44	54	36	111	87	93	55	92	34	112	84	73	63	
14	17	
8	3
82	49	101	44	56	63	19	87	
4	9	16	
5	3
82	49	101	138	87	
0	4	16	
4	4
82	49	101	87	
0	4	9	16	
21	2
82	369	101	73	331	350	36	63	93	44	92	55	34	111	43	62	100	130	81	112	54	
5	17	
12	2
82	96	101	87	115	39	53	91	110	72	78	77	
0	14	
8	3
82	96	101	87	115	39	77	78	
0	9	14	
29	2
82	134	101	75	111	73	45	78	92	54	56	19	64	72	110	91	53	81	130	100	62	43	83	119	24	113	382	46	102	
5	7	
16	3
82	134	101	75	111	73	45	102	92	54	56	19	64	46	113	83	
4	5	7	
32	2
82	87	101	75	111	73	45	102	92	54	56	19	64	46	113	83	38	114	57	76	94	294	95	63	112	98	84	44	37	65	103	131	
4	15	
32	2
82	87	101	75	111	73	45	102	92	54	56	19	64	46	113	83	38	114	57	76	36	55	95	63	112	93	84	44	6	65	103	131	
4	14	
28	3
82	87	101	75	111	73	45	102	92	54	56	19	64	46	113	83	38	114	57	76	131	103	95	63	112	65	84	44	
4	14	15	
20	3
82	87	101	75	93	44	45	102	55	36	56	19	64	46	113	83	112	63	103	131	
4	14	16	
19	3
82	87	101	75	37	44	45	102	94	131	56	19	64	46	113	83	112	63	103	
4	15	16	
17	4
82	87	101	75	103	44	45	102	63	131	56	19	64	46	113	83	112	
4	14	15	16	
14	3
82	87	101	111	73	44	92	54	63	93	84	112	36	55	
4	14	17	
12	3
82	87	101	111	73	44	92	54	63	34	84	112	
14	15	17	
13	3
82	87	101	111	73	44	92	54	63	294	84	112	98	
4	15	17	
11	4
82	87	101	111	73	44	92	54	63	112	84	
4	14	15	17	
10	3
82	87	101	93	36	44	55	34	63	112	
14	16	17	
9	4
82	87	101	93	36	44	55	112	63	
4	14	16	17	
7	4
82	87	101	72	110	53	91	
0	14	15	16	
8	3
82	87	101	6	44	19	56	63	
4	9	14	
8	3
82	87	101	98	44	19	56	63	
4	9	15	
6	4
82	87	101	98	44	63	
4	9	15	17	
7	5
82	87	101	19	44	63	56	
4	9	14	15	16	
7	4
82	87	101	112	44	63	34	
14	15	16	17	
6	5
82	87	101	112	44	63	
4	14	15	16	17	
5	6
82	87	101	63	44	
4	9	14	15	16	17	
3	7
82	87	101	
0	4	9	14	15	16	17	
32	2
82	75	101	44	63	81	43	62	100	130	34	112	56	19	64	113	91	53	110	72	46	227	83	24	94	37	111	73	45	102	54	92	
5	15	
31	2
82	75	101	44	63	81	43	62	100	130	34	112	56	19	64	113	91	53	110	72	46	55	83	36	94	37	93	216	45	102	119	
5	16	
26	3
82	75	101	44	63	81	43	62	100	130	34	112	56	19	64	113	91	53	110	72	46	102	83	45	94	37	
5	15	16	
22	3
82	75	101	44	63	111	73	54	92	55	36	112	56	19	64	113	93	6	45	83	46	102	
4	5	14	
23	3
82	75	101	44	63	111	73	54	92	34	91	112	56	19	64	113	53	110	45	83	46	102	72	
5	14	15	
20	3
82	75	101	44	63	111	73	54	92	94	37	112	56	19	64	113	102	46	45	83	
4	5	15	
18	4
82	75	101	44	63	111	73	54	92	83	45	112	56	19	64	113	102	46	
4	5	14	15	
22	3
82	75	101	44	63	93	34	55	36	83	45	112	56	19	64	113	102	46	91	53	110	72	
5	14	16	
19	3
82	75	101	44	63	93	37	55	36	83	45	112	56	19	64	113	102	46	94	
4	5	16	
17	4
82	75	101	44	63	93	46	55	36	83	45	112	56	19	64	113	102	
4	5	14	16	
19	4
82	75	101	44	63	34	46	91	53	83	45	112	56	19	64	113	102	72	110	
5	14	15	16	
16	4
82	75	101	44	63	94	46	37	102	83	45	112	56	19	64	113	
4	5	15	16	
14	5
82	75	101	44	63	113	46	64	102	83	45	112	56	19	
4	5	14	15	16	
21	3
82	75	101	81	43	113	46	64	102	83	45	62	56	19	100	130	72	110	53	91	119	
5	7	16	
25	3
82	75	101	81	43	113	46	64	102	83	45	62	56	19	100	130	72	110	53	91	24	92	73	111	54	
5	7	15	
20	4
82	75	101	81	43	113	46	64	102	83	45	62	56	19	100	130	72	110	53	91	
5	7	15	16	
19	4
82	75	101	84	54	113	46	64	102	83	45	92	56	19	65	73	111	131	103	
4	7	14	15	
20	3
82	75	101	78	54	113	46	64	102	83	45	92	56	19	72	73	111	110	53	91	
5	7	14	
13	5
82	75	101	131	103	113	46	64	102	83	45	19	56	
4	7	14	15	16	
19	4
82	75	101	54	92	113	46	64	102	83	45	19	56	72	53	110	91	111	73	
5	7	14	15	
15	5
82	75	101	54	92	113	46	64	102	83	45	19	56	73	111	
4	5	7	14	15	
15	5
82	75	101	72	53	113	46	64	102	83	45	19	56	110	91	
5	7	14	15	16	
11	6
82	75	101	56	19	113	46	64	102	83	45	
4	5	7	14	15	16	
16	2
82	44	101	56	19	63	173	6	81	119	43	62	24	100	130	78	
5	9	
8	3
82	44	101	56	19	63	173	6	
4	5	9	
12	3
82	44	101	56	19	63	81	130	119	43	62	100	
5	9	16	
12	3
82	44	101	56	19	63	81	130	24	43	62	100	
5	9	15	
11	4
82	44	101	56	19	63	81	130	100	43	62	
5	9	15	16	
8	3
82	44	101	56	19	63	6	78	
5	9	14	
7	4
82	44	101	56	19	63	6	
4	5	9	14	
6	6
82	44	101	56	19	63	
4	5	9	14	15	16	
19	3
82	44	101	56	46	63	93	6	112	73	84	65	92	36	111	55	131	54	103	
4	6	14	
15	4
82	44	101	56	46	63	93	6	112	73	55	54	92	36	111	
4	5	6	14	
19	3
82	44	101	56	46	63	93	43	112	62	55	119	100	36	81	53	72	91	110	
5	6	16	
12	4
82	44	101	56	46	63	93	131	112	103	55	36	
4	6	14	16	
14	4
82	44	101	56	46	63	93	110	112	53	55	36	91	72	
5	6	14	16	
10	5
82	44	101	56	46	63	93	36	112	55	
4	5	6	14	16	
20	3
82	44	101	56	46	63	73	54	112	24	53	91	72	110	111	43	81	100	92	62	
5	6	15	
15	4
82	44	101	56	46	63	73	54	112	103	92	84	65	131	111	
4	6	14	15	
15	4
82	44	101	56	46	63	73	54	112	53	92	91	72	110	111	
5	6	14	15	
11	5
82	44	101	56	46	63	73	54	112	111	92	
4	5	6	14	15	
15	4
82	44	101	56	46	63	43	81	112	100	62	72	110	91	53	
5	6	15	16	
9	5
82	44	101	56	46	63	131	103	112	
4	6	14	15	16	
11	5
82	44	101	56	46	63	53	110	112	91	72	
5	6	14	15	16	
7	6
82	44	101	56	46	63	112	
4	5	6	14	15	16	
14	3
82	44	101	56	78	63	6	119	173	24	43	81	100	62	
5	6	9	
7	4
82	44	101	56	78	63	6	
5	6	9	14	
10	4
82	44	101	56	119	63	62	100	81	43	
5	6	9	16	
7	4
82	44	101	56	6	63	173	
4	5	6	9	
6	5
82	44	101	56	6	63	
4	5	6	9	14	
10	4
82	44	101	56	62	63	100	81	43	24	
5	6	9	15	
9	5
82	44	101	56	62	63	100	81	43	
5	6	9	15	16	
5	7
82	44	101	56	63	
4	5	6	9	14	15	16	
16	4
82	44	101	19	63	64	112	91	130	110	34	72	45	53	102	83	
5	8	15	16	
18	2
82	44	101	19	63	64	112	91	6	110	34	72	45	53	102	83	131	78	
8	14	
17	3
82	44	101	19	63	64	112	91	6	110	34	72	45	53	102	83	78	
5	8	14	
16	4
82	44	101	19	63	64	112	91	131	110	34	72	45	53	102	83	
8	14	15	16	
15	5
82	44	101	19	63	64	112	91	83	110	34	72	45	53	102	
5	8	14	15	16	
12	3
82	44	101	19	63	64	112	6	83	131	102	45	
4	8	14	
11	4
82	44	101	19	63	64	112	6	83	45	102	
4	5	8	14	
11	5
82	44	101	19	63	64	112	131	83	45	102	
4	8	14	15	16	
10	6
82	44	101	19	63	64	112	102	83	45	
4	5	8	14	15	16	
8	3
82	44	101	19	63	130	78	6	
5	8	9	
6	5
82	44	101	19	63	130	
5	8	9	15	16	
7	4
82	44	101	19	63	78	6	
5	8	9	14	
6	5
82	44	101	19	63	6	
4	5	8	9	14	
5	7
82	44	101	19	63	
4	5	8	9	14	15	16	
14	3
82	44	101	100	63	93	36	130	81	55	34	112	43	62	
5	16	17	
16	3
82	44	101	100	63	93	36	92	81	55	54	112	43	62	111	73	
5	6	17	
12	4
82	44	101	100	63	93	36	62	81	55	43	112	
5	6	16	17	
15	3
82	44	101	100	63	130	34	62	81	92	43	112	54	111	73	
5	15	17	
11	4
82	44	101	100	63	130	34	62	81	112	43	
5	15	16	17	
9	5
82	44	101	100	63	130	43	62	81	
5	9	15	16	17	
13	4
82	44	101	100	63	92	43	62	81	112	54	111	73	
5	6	15	17	
9	5
82	44	101	100	63	112	43	62	81	
5	6	15	16	17	
8	6
82	44	101	100	63	81	43	62	
5	6	9	15	16	17	
12	3
82	44	101	6	63	78	72	53	112	110	91	131	
6	8	14	
11	4
82	44	101	6	63	78	72	53	112	110	91	
5	6	8	14	
6	5
82	44	101	6	63	78	
5	6	8	9	14	
7	4
82	44	101	6	63	131	112	
4	6	8	14	
6	5
82	44	101	6	63	112	
4	5	6	8	14	
5	6
82	44	101	6	63	
4	5	6	8	9	14	
10	5
82	44	101	53	63	112	131	110	72	91	
6	8	14	15	16	
9	6
82	44	101	53	63	112	91	110	72	
5	6	8	14	15	16	
6	6
82	44	101	131	63	112	
4	6	8	14	15	16	
13	4
82	44	101	84	63	112	73	92	93	36	55	111	54	
4	6	14	17	
10	5
82	44	101	84	63	112	73	92	54	111	
4	6	14	15	17	
13	3
82	44	101	34	63	112	73	92	54	111	55	36	93	
5	14	17	
10	4
82	44	101	34	63	112	73	92	54	111	
5	14	15	17	
9	4
82	44	101	34	63	112	55	36	93	
5	14	16	17	
7	5
82	44	101	34	63	112	130	
5	8	15	16	17	
6	6
82	44	101	34	63	112	
5	8	14	15	16	17	
12	5
82	44	101	73	63	112	92	93	36	55	111	54	
4	5	6	14	17	
9	6
82	44	101	73	63	112	92	54	111	
4	5	6	14	15	17	
5	6
82	44	101	130	63	
5	8	9	15	16	17	
8	6
82	44	101	112	63	93	36	55	
4	5	6	14	16	17	
5	8
82	44	101	112	63	
4	5	6	8	14	15	16	17	
4	9
82	44	101	63	
4	5	6	8	9	14	15	16	17	
12	3
82	56	101	24	119	100	81	43	130	78	19	62	
5	7	9	
19	3
82	56	101	24	119	100	81	43	111	78	54	62	46	73	92	72	110	91	53	
5	6	7	
10	4
82	56	101	24	119	100	81	43	62	78	
5	6	7	9	
10	4
82	56	101	24	130	100	81	43	62	19	
5	7	9	15	
17	4
82	56	101	24	54	100	81	43	62	111	46	73	92	72	110	91	53	
5	6	7	15	
8	5
82	56	101	24	62	100	81	43	
5	6	7	9	15	
10	4
82	56	101	119	62	100	81	43	130	19	
5	7	9	16	
13	4
82	56	101	119	62	100	81	43	46	53	91	72	110	
5	6	7	16	
8	5
82	56	101	119	62	100	81	43	
5	6	7	9	16	
12	5
82	56	101	111	73	92	54	65	103	131	84	46	
4	6	7	14	15	
13	4
82	56	101	111	73	92	54	78	91	72	110	46	53	
5	6	7	14	
12	5
82	56	101	111	73	92	54	53	91	72	110	46	
5	6	7	14	15	
8	6
82	56	101	111	73	92	54	46	
4	5	6	7	14	15	
12	5
82	56	101	62	100	81	43	46	72	110	91	53	
5	6	7	15	16	
9	5
82	56	101	62	100	81	43	19	130	
5	7	9	15	16	
7	6
82	56	101	62	100	81	43	
5	6	7	9	15	16	
8	6
82	56	101	46	110	91	72	53	
5	6	7	14	15	16	
6	6
82	56	101	46	103	131	
4	6	7	14	15	16	
4	7
82	56	101	46	
4	5	6	7	14	15	16	
5	3
82	56	101	19	289	
4	7	9	
5	4
82	56	101	19	78	
5	7	9	14	
4	7
82	56	101	19	
4	5	7	9	14	15	16	
4	5
82	56	101	78	
5	6	7	9	14	
3	8
82	56	101	
4	5	6	7	9	14	15	16	
7	6
82	111	101	84	73	54	92	
4	6	7	14	15	17	
11	4
82	111	101	62	73	54	92	100	130	43	81	
5	7	15	17	
10	5
82	111	101	62	73	54	92	100	81	43	
5	6	7	15	17	
6	7
82	111	101	92	73	54	
4	5	6	7	14	15	17	
13	3
82	78	101	131	19	83	91	72	53	110	102	64	45	
7	8	14	
8	4
82	78	101	131	110	53	91	72	
6	7	8	14	
13	3
82	78	101	19	110	53	91	72	130	83	102	64	45	
5	7	8	
12	4
82	78	101	19	110	53	91	72	45	83	102	64	
5	7	8	14	
5	4
82	78	101	19	130	
5	7	8	9	
4	5
82	78	101	19	
5	7	8	9	14	
7	6
82	78	101	110	53	72	91	
0	5	6	7	8	14	
3	7
82	78	101	
0	5	6	7	8	9	14	
12	5
82	131	101	19	83	102	64	91	72	53	110	45	
7	8	14	15	16	
8	6
82	131	101	19	83	102	64	45	
4	7	8	14	15	16	
7	6
82	131	101	91	72	110	53	
6	7	8	14	15	16	
3	7
82	131	101	
4	6	7	8	14	15	16	
7	6
82	43	101	100	81	62	130	
5	7	9	15	16	17	
6	7
82	43	101	100	81	62	
5	6	7	9	15	16	17	
12	5
82	72	101	110	53	91	130	19	102	83	64	45	
5	7	8	15	16	
11	6
82	72	101	110	53	91	45	19	102	83	64	
5	7	8	14	15	16	
6	8
82	72	101	110	53	91	
0	5	6	7	8	14	15	16	
4	6
82	130	101	19	
5	7	8	9	15	16	
3	7
82	130	101	
5	7	8	9	15	16	17	
7	7
82	45	101	19	83	64	102	
4	5	7	8	14	15	16	
3	8
82	19	101	
4	5	7	8	9	14	15	16	
2	11
82	101	
0	4	5	6	7	8	9	14	15	16	17	
34	2
86	298	19	41	117	184	79	39	60	51	11	66	47	104	87	95	9	40	76	68	57	38	106	114	67	75	113	48	37	56	94	49	50	173	
11	12	
23	2
86	97	19	50	59	184	78	39	49	51	11	48	67	114	87	95	116	40	76	68	57	38	106	
10	12	
30	2
86	97	287	84	59	66	78	39	49	47	104	48	67	75	87	113	116	40	36	37	56	38	94	103	46	173	112	65	55	93	
12	13	
18	2
86	97	115	77	59	105	78	39	49	96	69	48	67	261	87	38	116	40	
10	13	
12	3
86	97	40	116	59	38	78	39	49	87	67	48	
10	12	13	
31	2
86	19	40	50	184	38	51	39	49	87	67	48	11	69	96	114	77	115	108	289	95	80	76	68	42	57	106	12	107	99	61	
10	11	
19	3
86	19	40	50	184	38	51	39	49	87	67	48	11	106	57	114	68	76	95	
10	11	12	
21	2
86	69	40	96	77	38	115	39	49	87	67	48	37	47	56	94	66	173	113	75	104	
11	13	
12	3
86	69	40	96	77	38	115	39	49	87	67	48	
10	11	13	
17	3
86	37	40	104	75	38	113	39	49	87	67	48	47	56	94	66	173	
11	12	13	
8	4
86	48	40	67	87	38	49	39	
10	11	12	13	
29	2
91	90	40	52	87	23	49	50	60	110	53	79	72	272	78	157	252	59	116	80	69	42	12	68	41	107	97	99	61	
0	18	
30	2
91	90	40	52	63	19	44	50	60	110	53	79	72	51	78	108	224	59	116	80	69	42	12	89	41	107	97	99	61	45	
8	18	
22	3
91	90	40	52	107	41	97	50	60	110	53	79	72	12	78	61	99	59	116	80	69	42	
0	8	18	
28	2
91	90	87	52	23	43	49	37	100	110	53	62	72	81	63	61	99	199	118	80	5	42	19	44	51	108	89	45	
16	18	
13	3
91	90	87	52	23	61	49	99	42	110	53	80	72	
0	16	18	
24	2
91	90	87	52	50	54	92	98	185	110	53	111	72	45	73	63	43	37	81	5	62	19	44	100	
15	18	
8	3
91	90	87	52	50	110	72	53	
0	15	18	
17	3
91	90	87	52	100	110	72	53	81	44	19	62	45	5	63	43	37	
15	16	18	
7	4
91	90	87	52	53	110	72	
0	15	16	18	
24	2
91	90	78	52	53	110	72	349	44	80	62	54	92	63	43	99	81	100	368	42	330	61	111	73	
6	18	
31	2
91	90	78	52	53	110	72	19	79	80	62	54	92	60	43	99	81	100	45	42	272	61	111	73	41	21	310	176	51	89	108	
7	18	
19	3
91	90	78	52	53	110	72	19	79	80	108	89	51	60	41	99	61	42	45	
7	8	18	
13	3
91	90	78	52	53	110	72	44	42	80	63	61	99	
6	8	18	
15	3
91	90	78	52	53	110	72	79	42	80	60	61	99	41	272	
0	7	18	
14	4
91	90	78	52	53	110	72	79	42	80	60	61	99	41	
0	7	8	18	
19	3
91	90	78	52	53	110	72	73	42	80	81	61	99	62	43	92	54	111	100	
6	7	18	
11	5
91	90	78	52	53	110	72	99	42	80	61	
0	6	7	8	18	
19	3
91	90	89	52	53	110	72	99	42	80	61	81	62	43	45	51	19	100	108	
7	16	18	
17	3
91	90	89	52	53	110	72	99	42	80	61	108	44	63	45	51	19	
8	16	18	
15	4
91	90	89	52	53	110	72	99	42	80	61	108	19	51	45	
7	8	16	18	
16	3
91	90	81	52	53	110	72	99	42	80	61	62	100	43	44	63	
6	16	18	
14	4
91	90	81	52	53	110	72	99	42	80	61	62	100	43	
6	7	16	18	
16	3
91	90	81	52	53	110	72	92	111	73	54	62	100	43	63	44	
6	15	18	
16	3
91	90	81	52	53	110	72	92	111	73	54	62	100	43	45	19	
7	15	18	
14	4
91	90	81	52	53	110	72	92	111	73	54	62	100	43	
6	7	15	18	
12	4
91	90	81	52	53	110	72	63	44	43	100	62	
6	15	16	18	
12	4
91	90	81	52	53	110	72	45	19	43	100	62	
7	15	16	18	
10	5
91	90	81	52	53	110	72	62	100	43	
6	7	15	16	18	
12	4
91	90	99	52	53	110	72	42	80	61	44	63	
6	8	16	18	
10	6
91	90	99	52	53	110	72	42	80	61	
0	6	7	8	16	18	
11	3
91	90	19	52	53	110	72	45	50	44	63	
8	15	18	
10	4
91	90	19	52	53	110	72	45	63	44	
8	15	16	18	
8	5
91	90	19	52	53	110	72	45	
7	8	15	16	18	
7	4
91	90	50	52	53	110	72	
0	8	15	18	
8	5
91	90	63	52	53	110	72	44	
6	8	15	16	18	
6	7
91	90	72	52	53	110	
0	6	7	8	15	16	18	
18	2
91	37	72	78	53	110	44	63	100	45	19	81	43	62	54	73	111	92	
5	18	
17	3
91	37	72	92	53	110	44	63	100	45	19	81	43	62	54	73	111	
5	15	18	
13	4
91	37	72	62	53	110	44	63	100	45	19	81	43	
5	15	16	18	
15	3
91	78	72	62	53	110	44	63	100	92	111	81	43	54	73	
5	6	18	
15	3
91	78	72	62	53	110	45	19	100	92	111	81	43	54	73	
5	7	18	
13	4
91	78	72	62	53	110	73	54	100	92	111	81	43	
5	6	7	18	
16	2
91	78	72	44	53	110	73	54	63	92	111	185	199	19	45	87	
14	18	
13	3
91	78	72	44	53	110	73	54	63	92	111	45	19	
5	14	18	
11	4
91	78	72	44	53	110	73	54	63	92	111	
5	6	14	18	
9	4
91	78	72	44	53	110	45	19	63	
5	8	14	18	
7	5
91	78	72	44	53	110	63	
5	6	8	14	18	
11	4
91	78	72	73	53	110	54	19	45	111	92	
5	7	14	18	
9	5
91	78	72	73	53	110	54	92	111	
5	6	7	14	18	
6	3
91	78	72	87	53	110	
0	14	18	
7	5
91	78	72	19	53	110	45	
5	7	8	14	18	
5	7
91	78	72	110	53	
0	5	6	7	8	14	18	
14	4
91	62	72	110	53	45	19	100	111	92	54	73	81	43	
5	7	15	18	
10	5
91	62	72	110	53	45	19	100	81	43	
5	7	15	16	18	
14	4
91	62	72	110	53	111	92	100	81	43	44	63	73	54	
5	6	15	18	
12	5
91	62	72	110	53	111	92	100	81	43	54	73	
5	6	7	15	18	
10	5
91	62	72	110	53	44	63	100	81	43	
5	6	15	16	18	
8	6
91	62	72	110	53	43	81	100	
5	6	7	15	16	18	
10	3
91	45	72	110	53	87	199	19	63	44	
14	16	18	
14	3
91	45	72	110	53	87	185	19	63	44	54	92	111	73	
14	15	18	
9	4
91	45	72	110	53	87	44	19	63	
14	15	16	18	
12	4
91	45	72	110	53	73	44	19	63	54	92	111	
5	14	15	18	
10	5
91	45	72	110	53	73	111	19	92	54	
5	7	14	15	18	
8	6
91	45	72	110	53	44	63	19	
5	8	14	15	16	18	
6	7
91	45	72	110	53	19	
5	7	8	14	15	16	18	
5	5
91	87	72	110	53	
0	14	15	16	18	
10	5
91	73	72	110	53	63	44	54	92	111	
5	6	14	15	18	
8	6
91	73	72	110	53	111	92	54	
5	6	7	14	15	18	
6	7
91	63	72	110	53	44	
5	6	8	14	15	16	18	
4	9
91	53	72	110	
0	5	6	7	8	14	15	16	18	
22	2
357	262	69	70	89	12	107	108	51	99	87	42	80	61	338	100	81	43	62	318	50	34	
10	17	
26	2
307	65	37	103	57	114	76	85	173	95	84	88	48	67	19	105	75	94	38	56	113	46	351	98	134	40	
2	4	
31	2
262	69	62	78	100	24	50	12	43	51	119	108	97	107	19	89	68	59	398	106	96	81	87	11	39	40	289	77	116	49	115	
9	10	
13	3
262	69	62	87	100	81	50	12	43	51	89	108	107	
9	10	17	
33	2
65	69	45	87	94	210	75	38	83	46	238	112	47	66	36	55	84	103	64	287	102	113	93	200	37	56	77	78	49	115	39	104	96	
3	13	
30	2
65	69	12	50	94	353	75	38	95	46	88	85	47	66	19	107	84	103	114	76	57	113	96	104	37	56	77	78	39	115	
2	3	
28	2
65	69	67	48	94	105	75	38	97	46	59	173	47	66	116	296	84	103	40	115	39	113	96	104	37	56	77	78	
2	13	
19	3
65	69	78	77	94	56	75	38	37	46	104	96	47	66	113	39	84	103	115	
2	3	13	
27	2
65	278	78	93	498	56	75	38	123	46	104	87	47	66	113	39	84	103	95	55	112	19	259	114	76	36	57	
12	14	
22	2
65	296	37	436	94	56	75	38	102	46	73	87	111	45	113	64	84	103	92	83	112	54	
13	15	
19	2
65	296	37	50	94	56	75	38	98	46	295	95	57	19	113	76	84	103	114	
2	15	
11	3
65	296	37	103	94	56	75	38	84	46	113	
2	13	15	
16	2
65	117	27	103	79	56	75	60	84	46	113	78	19	51	134	41	
7	12	
25	2
65	295	372	103	76	56	75	104	84	46	113	78	19	334	77	95	57	114	96	38	47	66	39	353	115	
2	14	
14	3
65	295	38	103	76	56	75	114	84	46	113	57	19	95	
2	14	15	
18	2
65	264	45	103	111	56	75	78	84	46	113	102	73	64	54	92	210	83	
7	13	
33	2
65	76	45	103	180	56	75	78	84	46	113	102	353	64	38	104	77	83	93	74	96	47	114	66	19	57	95	39	87	55	112	115	36	
3	14	
26	2
65	76	45	103	371	56	75	94	84	46	113	102	333	64	38	352	37	83	87	74	95	112	114	50	19	57	
3	15	
22	3
65	76	45	103	93	56	75	19	84	46	113	102	36	64	38	55	57	83	87	114	95	112	
3	4	14	
21	3
65	76	45	103	94	56	75	19	84	46	113	102	37	64	38	112	57	83	87	114	95	
3	4	15	
20	3
65	76	45	103	74	56	75	19	84	46	113	102	95	64	38	112	57	83	87	114	
3	14	15	
19	4
65	76	45	103	114	56	75	19	84	46	113	102	95	64	38	112	57	83	87	
3	4	14	15	
20	2
65	76	184	103	114	56	75	19	84	46	113	37	95	50	38	112	57	94	87	123	
12	15	
17	3
65	76	85	103	114	56	75	19	84	46	113	37	95	88	38	94	57	
2	3	4	
16	3
65	76	123	103	114	56	75	19	84	46	113	112	95	87	38	57	
12	14	15	
31	2
65	76	37	103	114	56	75	19	84	46	113	112	95	87	38	57	93	104	47	66	39	78	36	55	94	50	287	201	182	68	49	
3	12	
28	2
65	76	37	103	114	56	75	19	84	46	113	112	95	87	38	57	93	68	134	40	173	267	36	55	94	67	48	49	
4	12	
22	3
65	76	37	103	114	56	75	19	84	46	113	112	95	87	38	57	93	68	49	94	55	36	
3	4	12	
18	3
65	76	37	103	114	56	75	19	84	46	113	112	95	87	38	57	50	94	
3	12	15	
17	4
65	76	37	103	114	56	75	19	84	46	113	112	95	87	38	57	94	
3	4	12	15	
31	2
65	76	37	103	114	56	75	19	84	46	113	104	95	47	38	57	94	78	50	51	59	116	173	67	48	40	134	39	66	249	97	
2	12	
21	3
65	76	37	103	114	56	75	19	84	46	113	104	95	47	38	57	94	78	50	66	39	
2	3	12	
16	3
65	76	37	103	114	56	75	19	84	46	113	98	95	94	38	57	
2	4	15	
20	3
65	76	37	103	114	56	75	19	84	46	113	134	95	94	38	57	173	40	48	67	
2	4	12	
16	4
65	76	37	103	114	56	75	19	84	46	113	50	95	94	38	57	
2	3	12	15	
15	5
65	76	37	103	114	56	75	19	84	46	113	57	95	94	38	
2	3	4	12	15	
23	3
65	76	112	103	114	56	75	19	84	46	113	57	95	93	38	87	55	36	104	47	78	66	39	
3	12	14	
18	4
65	76	112	103	114	56	75	19	84	46	113	57	95	93	38	87	55	36	
3	4	12	14	
15	5
65	76	112	103	114	56	75	19	84	46	113	57	95	87	38	
3	4	12	14	15	
22	3
65	76	104	103	114	56	75	19	84	46	113	57	95	77	38	353	115	47	78	66	39	96	
2	3	14	
18	4
65	76	104	103	114	56	75	19	84	46	113	57	95	39	38	66	78	47	
2	3	12	14	
13	6
65	76	38	103	114	56	75	19	84	46	113	57	95	
2	3	4	12	14	15	
22	2
65	342	173	103	361	56	287	209	84	46	112	93	92	55	66	78	47	36	54	73	111	104	
6	13	
16	2
65	19	134	103	51	56	13	70	84	46	113	75	21	108	232	78	
2	7	
11	3
65	19	134	103	51	56	78	75	84	46	113	
2	7	12	
9	4
65	19	134	103	113	56	46	75	84	
2	4	7	12	
14	3
65	19	78	103	113	56	46	75	84	45	74	64	102	83	
3	7	14	
9	5
65	19	78	103	113	56	46	75	84	
2	3	7	12	14	
13	4
65	19	45	103	113	56	46	75	84	83	64	102	74	
3	7	14	15	
12	5
65	19	45	103	113	56	46	75	84	83	64	102	
3	4	7	14	15	
8	7
65	19	84	103	113	56	46	75	
2	3	4	7	12	14	15	
32	2
65	173	84	103	113	56	46	75	38	37	94	87	112	49	55	93	36	45	210	105	54	111	40	67	48	73	92	200	102	64	83	209	
4	13	
20	3
65	173	84	103	113	56	46	75	38	37	94	87	112	49	55	93	36	48	67	40	
4	12	13	
22	3
65	173	84	103	113	56	46	75	38	37	94	116	59	47	97	78	39	48	67	40	66	104	
2	12	13	
15	3
65	173	84	103	113	56	46	75	38	37	94	48	67	105	40	
2	4	13	
14	4
65	173	84	103	113	56	46	75	38	37	94	48	67	40	
2	4	12	13	
15	3
65	173	84	103	209	56	46	92	73	112	55	36	111	54	93	
4	6	13	
13	2
65	173	84	103	427	56	46	104	47	85	88	66	78	
2	6	
15	3
65	173	84	103	287	56	46	104	47	112	55	66	78	93	36	
6	12	13	
8	3
65	173	84	103	85	56	46	88	
2	4	6	
10	4
65	173	84	103	104	56	46	47	66	78	
2	6	12	13	
10	4
65	173	84	103	112	56	46	55	93	36	
4	6	12	13	
6	5
65	173	84	103	46	56	
2	4	6	12	13	
22	3
65	113	84	103	46	56	55	93	36	112	78	66	47	104	49	39	287	75	37	94	87	38	
3	12	13	
30	2
65	113	84	103	46	56	55	93	36	112	78	66	47	104	102	39	261	75	45	77	87	38	111	73	92	54	96	115	64	83	
13	14	
25	3
65	113	84	103	46	56	55	93	36	112	78	66	47	104	102	39	96	75	45	77	87	38	83	64	115	
3	13	14	
18	4
65	113	84	103	46	56	55	93	36	112	78	66	47	104	38	39	87	75	
3	12	13	14	
21	3
65	113	84	103	46	56	55	93	36	112	111	102	73	54	38	92	87	75	64	45	83	
4	13	14	
22	3
65	113	84	103	46	56	55	93	36	112	49	102	37	94	38	210	87	75	64	45	83	200	
3	4	13	
16	4
65	113	84	103	46	56	55	93	36	112	49	75	37	94	38	87	
3	4	12	13	
17	4
65	113	84	103	46	56	55	93	36	112	102	75	83	45	38	87	64	
3	4	13	14	
13	5
65	113	84	103	46	56	55	93	36	112	87	75	38	
3	4	12	13	14	
16	4
65	113	84	103	46	56	78	66	47	115	104	75	38	39	96	77	
2	3	13	14	
15	4
65	113	84	103	46	56	78	66	47	94	104	75	38	39	37	
2	3	12	13	
13	5
65	113	84	103	46	56	78	66	47	39	104	75	38	
2	3	12	13	14	
13	3
65	113	84	103	46	56	78	210	45	83	64	75	102	
3	7	13	
16	3
65	113	84	103	46	56	78	111	45	83	64	75	102	73	54	92	
7	13	14	
12	4
65	113	84	103	46	56	78	102	45	83	64	75	
3	7	13	14	
8	6
65	113	84	103	46	56	78	75	
2	3	7	12	13	14	
20	3
65	113	84	103	46	56	112	75	83	64	45	102	73	54	92	111	38	94	87	37	
4	13	15	
18	4
65	113	84	103	46	56	112	75	83	64	45	102	73	54	92	111	38	87	
4	13	14	15	
16	4
65	113	84	103	46	56	112	75	83	64	45	102	94	37	87	38	
3	4	13	15	
14	5
65	113	84	103	46	56	112	75	83	64	45	102	87	38	
3	4	13	14	15	
12	5
65	113	84	103	46	56	112	75	94	37	38	87	
3	4	12	13	15	
10	6
65	113	84	103	46	56	112	75	87	38	
3	4	12	13	14	15	
16	3
65	113	84	103	46	56	83	75	73	111	92	54	102	210	45	64	
4	7	13	
15	5
65	113	84	103	46	56	83	75	73	111	92	54	102	64	45	
4	7	13	14	15	
12	4
65	113	84	103	46	56	83	75	102	210	45	64	
3	4	7	13	
11	6
65	113	84	103	46	56	83	75	102	64	45	
3	4	7	13	14	15	
10	6
65	113	84	103	46	56	38	75	94	37	
2	3	4	12	13	15	
8	7
65	113	84	103	46	56	38	75	
2	3	4	12	13	14	15	
7	8
65	113	84	103	46	56	75	
2	3	4	7	12	13	14	15	
20	2
65	55	84	103	46	56	93	36	426	85	88	132	74	104	287	135	78	112	47	66	
3	6	
17	3
65	55	84	103	46	56	93	36	92	111	73	54	47	104	112	66	78	
6	13	14	
13	4
65	55	84	103	46	56	93	36	92	111	73	54	112	
4	6	13	14	
12	3
65	55	84	103	46	56	93	36	85	88	135	112	
3	4	6	
14	3
65	55	84	103	46	56	93	36	74	47	78	112	104	66	
3	6	14	
14	4
65	55	84	103	46	56	93	36	287	47	78	112	104	66	
3	6	12	13	
13	5
65	55	84	103	46	56	93	36	66	47	78	112	104	
3	6	12	13	14	
9	6
65	55	84	103	46	56	93	36	112	
3	4	6	12	13	14	
10	5
65	54	84	103	46	56	73	92	112	111	
4	6	13	14	15	
10	4
65	54	84	103	46	56	73	92	78	111	
6	7	13	14	
9	6
65	54	84	103	46	56	73	92	111	
4	6	7	13	14	15	
11	3
65	85	84	103	46	56	88	47	66	104	78	
2	3	6	
7	4
65	85	84	103	46	56	88	
2	3	4	6	
7	4
65	112	84	103	46	56	74	
3	6	14	15	
6	7
65	112	84	103	46	56	
3	4	6	12	13	14	15	
7	4
65	74	84	103	46	56	78	
3	6	7	14	
6	5
65	74	84	103	46	56	
3	6	7	14	15	
9	6
65	104	84	103	46	56	78	47	66	
2	3	6	12	13	14	
6	7
65	78	84	103	46	56	
2	3	6	7	12	13	14	
5	9
65	56	84	103	46	
2	3	4	6	7	12	13	14	15	
34	2
196	108	98	62	41	51	100	81	43	5	22	89	99	111	92	73	54	63	44	390	42	60	79	80	61	52	118	90	69	23	50	87	12	107	
17	18	
23	2
56	108	98	19	116	51	59	97	78	40	327	346	232	365	39	96	77	107	12	50	69	115	173	
2	9	
18	2
56	108	79	19	99	51	52	75	113	90	41	61	289	42	80	117	60	130	
7	11	
31	2
56	108	79	19	31	51	52	303	40	90	41	39	289	96	87	117	60	130	344	173	11	77	107	12	106	115	49	185	50	68	69	
9	11	
12	3
56	108	79	19	130	51	52	60	117	90	41	289	
7	9	11	
11	2
56	108	351	19	103	51	46	37	75	94	113	
2	16	
18	2
56	108	130	19	52	51	99	37	75	94	113	184	61	90	42	80	87	49	
11	16	
13	3
56	108	130	19	52	51	99	80	75	42	113	90	61	
7	11	16	
9	3
56	108	130	19	52	51	87	49	90	
9	11	16	
7	4
56	108	130	19	52	51	90	
7	9	11	16	
8	3
56	108	103	19	46	51	75	113	
2	7	16	
31	2
56	108	114	19	57	51	75	113	37	94	85	95	67	47	76	104	183	77	173	115	96	39	50	107	69	12	40	66	38	193	48	
2	11	
6	3
56	108	78	19	232	51	
2	7	9	
8	3
56	108	75	19	113	51	37	94	
2	11	16	
6	4
56	108	75	19	113	51	
2	7	11	16	
14	3
56	108	173	19	77	51	96	115	40	12	69	107	50	39	
2	9	11	
4	5
56	108	51	19	
2	7	9	11	16	
24	2
56	426	102	19	83	180	46	88	85	45	112	64	36	66	37	94	113	75	132	78	55	104	93	47	
3	5	
14	3
56	426	47	93	104	55	46	88	85	78	112	132	36	66	
3	5	6	
21	3
56	51	47	48	104	40	114	67	57	173	50	19	39	66	75	94	37	113	76	38	95	
2	11	12	
17	2
56	51	55	112	36	46	49	184	93	103	123	19	113	87	75	94	37	
12	16	
23	2
56	51	40	420	79	11	49	68	281	106	173	19	59	87	78	117	97	50	39	287	41	116	60	
9	12	
16	3
56	51	40	60	79	11	49	68	41	106	173	19	39	87	50	117	
9	11	12	
11	3
56	51	40	116	59	78	97	50	39	19	173	
2	9	12	
7	4
56	51	40	173	19	39	50	
2	9	11	12	
9	3
56	51	103	94	19	37	113	46	75	
2	12	16	
7	4
56	51	103	75	19	46	113	
2	7	12	16	
8	3
56	51	78	60	19	41	79	117	
7	9	12	
4	4
56	51	78	19	
2	7	9	12	
9	3
56	51	75	19	41	79	117	113	60	
7	11	12	
10	3
56	51	75	19	49	87	184	113	37	94	
11	12	16	
7	4
56	51	75	19	94	37	113	
2	11	12	16	
5	5
56	51	75	19	113	
2	7	11	12	16	
7	4
56	51	41	19	79	117	60	
7	9	11	12	
5	4
56	51	87	19	49	
9	11	12	16	
3	6
56	51	19	
2	7	9	11	12	16	
18	3
56	180	19	102	83	47	64	66	104	93	36	45	55	112	46	78	113	75	
3	5	14	
18	2
56	90	19	76	87	130	50	184	114	38	37	95	52	185	94	57	113	75	
11	15	
11	3
56	90	19	94	87	130	52	184	113	75	37	
11	15	16	
8	3
56	90	19	50	87	130	52	185	
9	11	15	
7	4
56	90	19	113	75	130	52	
7	11	15	16	
6	4
56	90	19	87	52	130	
9	11	15	16	
5	5
56	90	19	130	52	
7	9	11	15	16	
14	2
56	90	99	303	52	61	42	80	135	173	85	104	66	47	
6	11	
7	4
56	90	99	80	52	61	42	
6	7	11	16	
5	3
56	90	303	173	52	
6	9	11	
3	6
56	90	52	
6	7	9	11	15	16	
19	2
56	133	88	173	113	19	134	78	85	104	66	47	37	48	67	94	105	46	75	
2	5	
23	2
56	135	363	173	113	19	57	289	85	40	87	68	37	48	67	94	49	344	75	95	38	114	76	
4	11	
28	2
56	135	104	124	113	19	57	50	85	39	87	68	37	77	12	94	49	66	75	95	38	114	76	107	69	96	115	47	
3	11	
6	3
56	135	104	47	66	85	
3	6	11	
4	3
56	135	173	85	
4	6	11	
16	3
56	135	113	85	76	114	57	38	87	68	37	95	75	94	49	19	
3	4	11	
3	4
56	135	85	
3	4	6	11	
15	2
56	116	40	97	287	59	78	87	39	115	77	96	69	49	173	
9	13	
11	3
56	116	40	97	287	59	78	87	39	173	49	
9	12	13	
12	3
56	116	40	97	115	59	78	77	39	173	96	69	
2	9	13	
8	4
56	116	40	97	173	59	78	39	
2	9	12	13	
20	2
56	74	55	83	64	37	94	36	93	112	210	103	19	46	45	113	102	49	87	75	
3	16	
16	3
56	74	55	83	64	75	87	36	93	112	102	103	19	46	45	113	
3	14	16	
8	4
56	74	55	46	103	112	93	36	
3	6	14	16	
15	3
56	74	83	46	103	112	94	37	87	102	75	19	64	45	113	
3	15	16	
13	4
56	74	83	46	103	112	113	45	87	102	75	19	64	
3	14	15	16	
12	3
56	74	83	46	103	210	113	45	64	102	75	19	
3	7	16	
11	5
56	74	83	46	103	19	113	45	64	102	75	
3	7	14	15	16	
5	5
56	74	112	46	103	
3	6	14	15	16	
4	6
56	74	103	46	
3	6	7	14	15	16	
18	3
56	40	48	67	96	115	38	173	69	75	104	37	39	94	47	113	66	77	
2	11	13	
16	3
56	40	48	67	85	19	38	173	76	75	57	37	95	94	114	113	
2	4	11	
14	4
56	40	48	67	39	47	38	173	66	75	104	37	113	94	
2	11	12	13	
18	3
56	40	48	67	19	76	38	173	57	75	95	37	113	94	87	49	68	114	
4	11	12	
15	4
56	40	48	67	19	76	38	173	57	75	95	37	113	94	114	
2	4	11	12	
12	4
56	40	48	67	87	49	38	173	94	75	113	37	
4	11	12	13	
10	5
56	40	48	67	37	113	38	173	94	75	
2	4	11	12	13	
10	3
56	40	39	77	115	69	87	173	96	49	
9	11	13	
8	4
56	40	39	77	115	69	96	173	
2	9	11	13	
6	4
56	40	39	49	87	173	
9	11	12	13	
4	5
56	40	39	173	
2	9	11	12	13	
5	3
56	40	98	173	19	
2	4	9	
9	3
56	40	87	173	19	289	68	49	344	
4	9	11	
7	4
56	40	87	173	19	49	68	
4	9	11	12	
5	5
56	40	87	173	49	
4	9	11	12	13	
4	5
56	40	19	173	
2	4	9	11	12	
3	6
56	40	173	
2	4	9	11	12	13	
22	2
56	46	173	19	267	55	343	113	94	75	37	67	134	48	362	104	66	78	47	112	36	93	
5	12	
16	3
56	46	173	19	267	55	93	113	94	75	37	67	134	48	36	112	
4	5	12	
15	3
56	46	173	19	47	78	66	113	94	75	37	67	134	48	104	
2	5	12	
14	3
56	46	173	19	85	88	105	113	94	75	37	67	134	48	
2	4	5	
11	4
56	46	173	19	48	134	67	113	94	75	37	
2	4	5	12	
26	2
56	46	173	111	48	54	67	113	94	75	37	105	102	64	92	73	83	112	47	55	93	78	66	36	45	104	
5	13	
22	3
56	46	173	111	48	54	67	113	94	75	37	105	102	64	92	73	83	112	45	55	93	36	
4	5	13	
15	3
56	46	173	111	47	54	55	93	104	112	36	78	66	73	92	
5	6	13	
11	4
56	46	173	111	92	54	55	93	73	112	36	
4	5	6	13	
17	3
56	46	173	48	67	113	55	93	37	112	36	75	47	104	94	78	66	
5	12	13	
13	4
56	46	173	48	67	113	55	93	37	112	36	75	94	
4	5	12	13	
14	3
56	46	173	48	67	113	66	47	37	104	78	75	94	105	
2	5	13	
13	4
56	46	173	48	67	113	66	47	37	104	78	75	94	
2	5	12	13	
10	4
56	46	173	48	67	113	105	94	37	75	
2	4	5	13	
9	5
56	46	173	48	67	113	75	94	37	
2	4	5	12	13	
11	4
56	46	173	55	93	112	36	66	47	104	78	
5	6	12	13	
7	5
56	46	173	55	93	112	36	
4	5	6	12	13	
9	3
56	46	173	88	85	66	47	104	78	
2	5	6	
5	4
56	46	173	88	85	
2	4	5	6	
7	5
56	46	173	66	47	104	78	
2	5	6	12	13	
3	6
56	46	173	
2	4	5	6	12	13	
9	3
56	46	351	19	103	113	75	37	94	
2	4	16	
13	3
56	46	78	19	85	113	75	37	94	47	88	66	104	
2	3	5	
15	3
56	46	78	19	36	113	75	37	94	47	112	66	104	93	55	
3	5	12	
13	4
56	46	78	19	36	113	75	55	93	47	112	66	104	
3	5	12	14	
11	4
56	46	78	19	37	113	75	104	94	47	66	
2	3	5	12	
7	4
56	46	78	19	134	113	75	
2	5	7	12	
9	5
56	46	78	19	104	113	75	47	66	
2	3	5	12	14	
10	4
56	46	78	19	83	113	75	102	64	45	
3	5	7	14	
6	6
56	46	78	19	75	113	
2	3	5	7	12	14	
8	4
56	46	78	85	104	47	66	88	
2	3	5	6	
20	3
56	46	78	75	104	47	66	113	102	112	93	55	36	64	54	92	73	83	45	111	
5	13	14	
18	3
56	46	78	75	104	47	66	113	102	112	93	55	36	64	37	94	45	83	
3	5	13	
16	4
56	46	78	75	104	47	66	113	102	112	93	55	36	64	83	45	
3	5	13	14	
14	4
56	46	78	75	104	47	66	113	37	112	93	55	36	94	
3	5	12	13	
10	5
56	46	78	75	104	47	66	113	37	94	
2	3	5	12	13	
12	5
56	46	78	75	104	47	66	113	112	93	55	36	
3	5	12	13	14	
8	6
56	46	78	75	104	47	66	113	
2	3	5	12	13	14	
13	4
56	46	78	75	73	102	111	113	64	83	45	92	54	
5	7	13	14	
9	5
56	46	78	75	45	102	83	113	64	
3	5	7	13	14	
5	7
56	46	78	75	113	
2	3	5	7	12	13	14	
14	4
56	46	78	104	47	66	93	55	36	111	92	54	112	73	
5	6	13	14	
10	6
56	46	78	104	47	66	93	55	36	112	
3	5	6	12	13	14	
6	7
56	46	78	104	47	66	
2	3	5	6	12	13	14	
7	5
56	46	78	111	92	73	54	
5	6	7	13	14	
3	8
56	46	78	
2	3	5	6	7	12	13	14	
12	3
56	46	19	103	184	75	113	37	94	123	112	87	
12	15	16	
19	3
56	46	19	103	210	75	113	37	94	102	112	87	49	36	45	55	93	83	64	
3	4	16	
11	4
56	46	19	103	210	75	113	83	64	102	45	
3	4	7	16	
14	4
56	46	19	103	37	75	113	83	64	102	45	94	112	87	
3	4	15	16	
14	4
56	46	19	103	37	75	113	93	55	49	36	94	112	87	
3	4	12	16	
10	5
56	46	19	103	37	75	113	94	87	112	
3	4	12	15	16	
8	6
56	46	19	103	37	75	113	94	
2	3	4	12	15	16	
15	4
56	46	19	103	83	75	113	64	112	87	102	36	45	55	93	
3	4	14	16	
12	5
56	46	19	103	83	75	113	64	112	87	102	45	
3	4	14	15	16	
10	6
56	46	19	103	83	75	113	64	102	45	
3	4	7	14	15	16	
12	3
56	46	19	103	112	75	113	123	87	93	36	55	
12	14	16	
9	4
56	46	19	103	112	75	113	123	87	
12	14	15	16	
11	5
56	46	19	103	112	75	113	93	87	36	55	
3	4	12	14	16	
8	6
56	46	19	103	112	75	113	87	
3	4	12	14	15	16	
6	8
56	46	19	103	113	75	
2	3	4	7	12	14	15	16	
17	3
56	46	19	88	113	75	94	36	55	85	93	37	112	83	64	102	45	
3	4	5	
9	4
56	46	19	88	113	75	94	37	85	
2	3	4	5	
6	5
56	46	19	134	113	75	
2	4	5	7	12	
15	4
56	46	19	94	113	75	102	64	83	45	37	93	55	112	36	
3	4	5	16	
12	5
56	46	19	94	113	75	102	64	83	45	37	112	
3	4	5	15	16	
11	5
56	46	19	94	113	75	93	55	36	112	37	
3	4	5	12	16	
8	6
56	46	19	94	113	75	37	112	
3	4	5	12	15	16	
7	7
56	46	19	94	113	75	37	
2	3	4	5	12	15	16	
13	5
56	46	19	102	113	75	64	112	36	55	93	83	45	
3	4	5	14	16	
10	6
56	46	19	102	113	75	64	112	83	45	
3	4	5	14	15	16	
9	7
56	46	19	102	113	75	64	45	83	
3	4	5	7	14	15	16	
9	6
56	46	19	112	113	75	36	55	93	
3	4	5	12	14	16	
6	7
56	46	19	112	113	75	
3	4	5	12	14	15	16	
5	9
56	46	19	75	113	
2	3	4	5	7	12	14	15	16	
19	2
56	46	103	75	113	55	93	36	112	26	210	83	45	64	94	37	102	87	49	
13	16	
18	4
56	46	103	75	113	55	93	36	112	49	210	83	45	64	94	37	102	87	
3	4	13	16	
13	5
56	46	103	75	113	55	93	36	112	49	87	37	94	
3	4	12	13	16	
14	5
56	46	103	75	113	55	93	36	112	83	87	102	45	64	
3	4	13	14	16	
10	6
56	46	103	75	113	55	93	36	112	87	
3	4	12	13	14	16	
10	5
56	46	103	75	113	210	83	64	45	102	
3	4	7	13	16	
13	5
56	46	103	75	113	37	83	64	45	102	87	112	94	
3	4	13	15	16	
9	6
56	46	103	75	113	37	94	112	87	
3	4	12	13	15	16	
7	7
56	46	103	75	113	37	94	
2	3	4	12	13	15	16	
11	6
56	46	103	75	113	83	64	87	112	102	45	
3	4	13	14	15	16	
9	7
56	46	103	75	113	83	64	45	102	
3	4	7	13	14	15	16	
7	7
56	46	103	75	113	87	112	
3	4	12	13	14	15	16	
5	9
56	46	103	75	113	
2	3	4	7	12	13	14	15	16	
7	7
56	46	103	55	93	112	36	
3	4	6	12	13	14	16	
4	8
56	46	103	112	
3	4	6	12	13	14	15	16	
3	10
56	46	103	
2	3	4	6	7	12	13	14	15	16	
16	4
56	46	75	112	102	45	73	92	111	54	55	93	64	83	36	113	
4	5	13	14	
15	4
56	46	75	112	102	45	73	92	111	54	94	37	64	83	113	
4	5	13	15	
13	5
56	46	75	112	102	45	73	92	111	54	113	83	64	
4	5	13	14	15	
14	5
56	46	75	112	102	45	36	94	55	93	113	83	64	37	
3	4	5	13	16	
12	6
56	46	75	112	102	45	36	64	55	93	113	83	
3	4	5	13	14	16	
11	6
56	46	75	112	102	45	94	64	37	83	113	
3	4	5	13	15	16	
9	7
56	46	75	112	102	45	113	64	83	
3	4	5	13	14	15	16	
10	6
56	46	75	112	36	55	113	93	94	37	
3	4	5	12	13	16	
8	7
56	46	75	112	36	55	113	93	
3	4	5	12	13	14	16	
7	7
56	46	75	112	94	37	113	
3	4	5	12	13	15	16	
5	8
56	46	75	112	113	
3	4	5	12	13	14	15	16	
12	6
56	46	75	102	113	54	45	73	92	111	83	64	
4	5	7	13	14	15	
8	8
56	46	75	102	113	64	45	83	
3	4	5	7	13	14	15	16	
6	8
56	46	75	37	113	94	
2	3	4	5	12	13	15	16	
4	10
56	46	75	113	
2	3	4	5	7	12	13	14	15	16	
8	4
56	46	112	36	55	88	85	93	
3	4	5	6	
10	5
56	46	112	36	55	92	111	93	73	54	
4	5	6	13	14	
6	8
56	46	112	36	55	93	
3	4	5	6	12	13	14	16	
7	6
56	46	112	92	54	73	111	
4	5	6	13	14	15	
3	9
56	46	112	
3	4	5	6	12	13	14	15	16	
4	5
56	46	88	85	
2	3	4	5	6	
6	7
56	46	54	73	111	92	
4	5	6	7	13	14	15	
2	11
56	46	
2	3	4	5	6	7	12	13	14	15	16	
14	2
56	173	67	48	19	130	85	37	94	113	75	66	47	104	
5	11	
13	3
56	173	67	48	19	104	85	37	94	113	75	66	47	
2	5	11	
12	4
56	173	67	48	19	104	47	37	94	113	75	66	
2	5	11	12	
10	4
56	173	67	48	19	85	75	37	94	113	
2	4	5	11	
9	5
56	173	67	48	19	113	75	37	94	
2	4	5	11	12	
11	5
56	173	67	48	47	113	75	37	94	104	66	
2	5	11	12	13	
8	6
56	173	67	48	94	113	75	37	
2	4	5	11	12	13	
4	3
56	173	19	130	
5	9	11	
4	4
56	173	19	78	
2	5	9	12	
3	6
56	173	19	
2	4	5	9	11	12	
4	4
56	173	287	78	
6	9	12	13	
6	4
56	173	85	104	66	47	
2	5	6	11	
3	5
56	173	85	
2	4	5	6	11	
3	6
56	173	78	
2	5	6	9	12	13	
5	6
56	173	66	47	104	
2	5	6	11	12	13	
2	8
56	173	
2	4	5	6	9	11	12	13	
23	3
56	94	113	75	37	104	47	66	50	85	107	76	57	38	12	114	95	39	19	115	77	96	69	
2	3	11	
19	3
56	94	113	75	37	104	47	66	50	68	49	76	57	38	87	114	95	39	19	
3	11	12	
16	4
56	94	113	75	37	104	47	66	50	19	39	76	57	38	95	114	
2	3	11	12	
10	4
56	94	113	75	37	104	47	66	85	19	
2	3	5	11	
16	3
56	94	113	75	37	104	47	66	39	49	96	115	38	77	69	87	
3	11	13	
12	4
56	94	113	75	37	104	47	66	39	49	87	38	
3	11	12	13	
14	4
56	94	113	75	37	104	47	66	39	96	115	38	77	69	
2	3	11	13	
10	5
56	94	113	75	37	104	47	66	39	38	
2	3	11	12	13	
9	5
56	94	113	75	37	104	47	66	19	
2	3	5	11	12	
8	6
56	94	113	75	37	104	47	66	
2	3	5	11	12	13	
14	3
56	94	113	75	37	184	114	38	19	50	76	57	95	87	
11	12	15	
8	4
56	94	113	75	37	184	87	19	
11	12	15	16	
12	4
56	94	113	75	37	85	114	19	38	76	57	95	
2	3	4	11	
7	5
56	94	113	75	37	85	19	
2	3	4	5	11	
14	4
56	94	113	75	37	87	19	68	76	57	95	49	38	114	
3	4	11	12	
13	4
56	94	113	75	37	87	19	50	76	57	95	114	38	
3	11	12	15	
8	5
56	94	113	75	37	87	19	49	
3	4	11	12	16	
12	5
56	94	113	75	37	87	19	76	57	95	114	38	
3	4	11	12	15	
7	6
56	94	113	75	37	87	19	
3	4	11	12	15	16	
8	5
56	94	113	75	37	87	49	38	
3	4	11	12	13	
7	6
56	94	113	75	37	87	49	
3	4	11	12	13	16	
7	6
56	94	113	75	37	87	38	
3	4	11	12	13	15	
6	7
56	94	113	75	37	87	
3	4	11	12	13	15	16	
12	5
56	94	113	75	37	19	38	50	114	95	76	57	
2	3	11	12	15	
11	6
56	94	113	75	37	19	38	57	114	95	76	
2	3	4	11	12	15	
7	4
56	94	113	75	37	19	130	
5	11	15	16	
6	8
56	94	113	75	37	19	
2	3	4	5	11	12	15	16	
6	7
56	94	113	75	37	38	
2	3	4	11	12	13	15	
5	9
56	94	113	75	37	
2	3	4	5	11	12	13	15	16	
18	2
56	104	113	75	47	38	114	95	76	77	57	96	19	39	115	87	66	185	
11	14	
17	3
56	104	113	75	47	38	114	95	76	77	57	96	19	39	115	87	66	
3	11	14	
16	4
56	104	113	75	47	38	114	95	76	77	57	96	19	39	115	66	
2	3	11	14	
14	4
56	104	113	75	47	38	114	95	76	87	57	66	19	39	
3	11	12	14	
13	5
56	104	113	75	47	38	114	95	76	39	57	66	19	
2	3	11	12	14	
12	4
56	104	113	75	47	38	87	115	77	39	96	66	
3	11	13	14	
9	5
56	104	113	75	47	38	87	66	39	
3	11	12	13	14	
11	5
56	104	113	75	47	38	115	66	39	96	77	
2	3	11	13	14	
8	6
56	104	113	75	47	38	39	66	
2	3	11	12	13	14	
7	6
56	104	113	75	47	19	66	
2	3	5	11	12	14	
6	7
56	104	113	75	47	66	
2	3	5	11	12	13	14	
5	5
56	104	85	66	47	
2	3	5	6	11	
4	8
56	104	47	66	
2	3	5	6	11	12	13	14	
5	5
56	113	75	19	130	
5	7	11	15	16	
11	3
56	113	75	19	76	87	95	38	57	185	114	
11	14	15	
10	6
56	113	75	19	76	87	95	38	57	114	
3	4	11	12	14	15	
9	7
56	113	75	19	76	114	95	38	57	
2	3	4	11	12	14	15	
5	7
56	113	75	19	87	
3	4	11	12	14	15	16	
5	3
56	113	75	19	289	
4	7	11	
4	10
56	113	75	19	
2	3	4	5	7	11	12	14	15	16	
5	7
56	113	75	38	87	
3	4	11	12	13	14	15	
4	8
56	113	75	38	
2	3	4	11	12	13	14	15	
4	8
56	113	75	87	
3	4	11	12	13	14	15	16	
3	11
56	113	75	
2	3	4	5	7	11	12	13	14	15	16	
3	4
56	19	289	
4	7	9	11	
15	2
56	19	49	78	107	69	77	96	39	50	287	115	87	68	12	
3	9	
9	3
56	19	49	78	68	87	287	50	39	
3	9	12	
13	3
56	19	49	107	68	87	12	50	39	96	115	77	69	
3	9	11	
7	4
56	19	49	50	68	87	39	
3	9	11	12	
5	5
56	19	49	87	68	
3	4	9	11	12	
4	6
56	19	49	87	
3	4	9	11	12	16	
8	3
56	19	78	87	77	39	96	115	
3	9	14	
5	4
56	19	78	87	39	
3	9	12	14	
11	3
56	19	78	107	39	50	115	96	77	12	69	
2	3	9	
7	4
56	19	78	77	39	96	115	
2	3	9	14	
5	4
56	19	78	50	39	
2	3	9	12	
4	5
56	19	78	39	
2	3	9	12	14	
3	7
56	19	78	
2	3	5	7	9	12	14	
8	3
56	19	87	39	185	115	96	77	
9	11	14	
7	4
56	19	87	39	77	115	96	
3	9	11	14	
4	5
56	19	87	39	
3	9	11	12	14	
4	5
56	19	87	50	
3	9	11	12	15	
4	4
56	19	87	185	
9	11	14	15	
3	8
56	19	87	
3	4	9	11	12	14	15	16	
10	4
56	19	39	96	77	107	69	115	12	50	
2	3	9	11	
6	5
56	19	39	96	77	115	
2	3	9	11	14	
4	5
56	19	39	50	
2	3	9	11	12	
3	6
56	19	39	
2	3	9	11	12	14	
4	3
56	19	98	50	
2	9	15	
3	4
56	19	98	
2	4	9	15	
3	6
56	19	50	
2	3	9	11	12	15	
3	6
56	19	130	
5	7	9	11	15	16	
2	11
56	19	
2	3	4	5	7	9	11	12	14	15	16	
10	3
56	49	287	78	87	69	96	115	77	39	
3	9	13	
6	4
56	49	287	78	87	39	
3	9	12	13	
8	4
56	49	96	69	87	39	115	77	
3	9	11	13	
4	5
56	49	39	87	
3	9	11	12	13	
3	7
56	49	87	
3	4	9	11	12	13	16	
3	5
56	287	78	
3	6	9	12	13	
7	4
56	87	78	39	115	77	96	
3	9	13	14	
4	5
56	87	78	39	
3	9	12	13	14	
6	5
56	87	115	39	77	96	
3	9	11	13	14	
3	6
56	87	39	
3	9	11	12	13	14	
2	9
56	87	
3	4	9	11	12	13	14	15	16	
7	4
56	78	39	77	96	115	69	
2	3	9	13	
6	5
56	78	39	77	96	115	
2	3	9	13	14	
3	6
56	78	39	
2	3	9	12	13	14	
2	9
56	78	
2	3	5	6	7	9	12	13	14	
6	5
56	39	77	96	115	69	
2	3	9	11	13	
5	6
56	39	77	96	115	
2	3	9	11	13	14	
2	7
56	39	
2	3	9	11	12	13	14	
2	6
56	85	
2	3	4	5	6	11	
14	2
390	90	117	60	51	52	108	79	41	109	87	70	23	4	
1	17	
18	2
390	90	78	60	51	52	108	79	41	19	87	49	23	40	59	97	116	68	
1	18	
10	3
390	90	23	60	51	52	108	79	41	87	
1	17	18	
16	2
24	184	50	62	81	74	76	95	57	87	34	19	114	100	43	38	
10	15	
12	2
24	119	67	62	81	78	43	100	48	105	34	19	
5	10	
18	2
24	119	74	62	81	78	43	100	51	70	99	19	61	89	108	289	80	42	
7	10	
13	2
24	119	74	62	81	78	43	100	80	347	99	42	61	
6	10	
12	3
24	119	74	62	81	78	43	100	80	61	99	42	
6	7	10	
12	3
24	119	51	62	81	78	43	100	19	89	108	289	
7	9	10	
8	4
24	119	19	62	81	78	43	100	
5	7	9	10	
7	5
24	119	100	62	81	78	43	
5	6	7	9	10	
8	3
24	50	100	62	81	87	43	19	
9	10	15	
7	3
24	74	100	62	81	19	43	
7	10	15	
6	4
24	74	100	62	81	43	
6	7	10	15	
7	3
24	34	100	62	81	43	19	
5	10	15	
6	5
24	19	100	62	81	43	
5	7	9	10	15	
5	6
24	43	100	62	81	
5	6	7	9	10	15	
19	3
23	43	100	62	81	5	99	42	63	44	90	51	52	108	61	118	89	80	87	
16	17	18	
31	2
23	115	213	96	39	194	49	40	388	59	90	67	52	41	79	77	48	78	87	20	88	68	117	109	60	116	97	70	135	105	232	
0	1	
15	3
23	99	42	50	61	80	12	60	69	87	90	107	52	41	79	
0	17	18	
8	4
23	99	42	87	61	80	52	90	
0	16	17	18	
11	2
23	184	4	87	19	108	52	90	49	51	109	
1	16	
10	3
23	70	60	87	117	79	52	90	41	109	
0	1	17	
8	3
23	4	108	87	109	51	52	90	
1	16	17	
14	3
23	60	79	87	78	41	52	90	49	40	59	97	116	68	
0	1	18	
7	4
23	60	79	87	90	41	52	
0	1	17	18	
8	3
23	108	51	87	90	19	52	49	
1	16	18	
6	4
23	108	51	87	90	52	
1	16	17	18	
6	3
23	49	109	87	90	52	
0	1	16	
5	4
23	49	52	87	90	
0	1	16	18	
5	4
23	109	52	87	90	
0	1	16	17	
4	5
23	90	52	87	
0	1	16	17	18	
15	2
133	107	12	50	69	70	51	19	108	97	116	88	78	59	40	
2	8	
4	3
133	78	88	19	
2	5	8	
22	2
87	78	88	19	77	39	96	353	57	20	115	38	114	104	76	135	49	68	95	66	47	85	
1	3	
11	3
87	78	88	135	77	39	96	49	68	20	115	
0	1	3	
32	2
87	78	43	44	81	185	63	49	68	176	108	69	89	107	12	50	19	98	40	59	100	60	11	79	41	106	62	97	116	90	52	51	
9	18	
26	2
87	78	43	51	81	80	61	49	68	116	108	69	89	107	12	50	19	97	40	59	100	62	11	99	42	106	
10	18	
22	3
87	78	43	51	81	106	11	49	68	116	108	69	89	107	12	50	19	97	40	59	100	62	
9	10	18	
22	2
87	78	354	96	115	47	39	49	77	116	38	67	66	104	105	373	48	97	40	59	335	296	
1	13	
17	2
87	78	106	79	60	41	59	49	40	116	50	19	51	68	97	11	37	
12	18	
16	3
87	78	106	79	60	41	59	49	40	116	50	19	51	68	97	11	
9	12	18	
14	3
87	78	106	11	97	39	59	49	40	116	50	19	51	68	
9	10	12	
13	4
87	78	106	11	97	68	59	49	40	116	50	19	51	
9	10	12	18	
17	2
87	78	26	374	97	67	59	49	40	116	48	96	115	39	105	77	69	
0	13	
18	2
87	78	19	353	57	38	295	104	95	66	76	96	115	39	6	77	114	47	
1	14	
16	3
87	78	19	353	57	38	47	104	95	66	76	96	115	39	114	77	
1	3	14	
28	2
87	78	19	97	57	38	47	104	95	66	76	51	184	39	114	48	116	220	40	59	49	68	67	134	117	79	41	60	
1	12	
28	2
87	78	19	97	57	38	115	77	95	108	76	51	184	39	114	48	116	105	40	59	49	68	67	347	70	289	194	96	
1	10	
19	3
87	78	19	97	57	38	59	67	95	68	76	51	184	39	114	48	116	49	40	
1	10	12	
25	2
87	78	19	97	232	52	59	6	109	68	60	51	115	39	90	77	116	49	40	96	41	108	117	79	289	
1	9	
16	3
87	78	19	97	289	108	59	96	116	68	40	51	115	39	49	77	
1	9	10	
16	3
87	78	19	97	52	108	59	60	116	68	40	51	79	90	49	41	
1	9	18	
15	3
87	78	19	97	117	41	59	60	116	68	40	51	79	39	49	
1	9	12	
11	4
87	78	19	97	108	51	59	49	116	68	40	
1	9	10	18	
13	4
87	78	19	97	41	51	59	49	116	68	40	60	79	
1	9	12	18	
11	4
87	78	19	97	39	51	59	49	116	68	40	
1	9	10	12	
10	5
87	78	19	97	40	51	59	49	116	68	
1	9	10	12	18	
22	2
87	78	19	57	38	95	76	49	114	68	50	39	74	69	107	12	326	345	364	77	115	96	
3	10	
12	3
87	78	19	57	38	95	76	49	114	68	50	39	
3	10	12	
14	3
87	78	19	57	38	95	76	49	114	68	77	39	115	96	
1	3	10	
14	3
87	78	19	57	38	95	76	49	114	68	47	39	104	66	
1	3	12	
11	4
87	78	19	57	38	95	76	49	114	68	39	
1	3	10	12	
15	2
87	78	19	57	38	95	76	261	114	74	39	34	77	115	96	
10	14	
12	4
87	78	19	57	38	95	76	104	114	47	39	66	
1	3	12	14	
13	3
87	78	19	57	38	95	76	74	114	77	39	96	115	
3	10	14	
12	4
87	78	19	57	38	95	76	115	114	77	39	96	
1	3	10	14	
9	5
87	78	19	57	38	95	76	39	114	
1	3	10	12	14	
12	2
87	78	19	49	68	157	12	107	37	69	50	45	
3	18	
13	3
87	78	19	49	68	115	12	107	96	69	50	39	77	
3	9	10	
9	4
87	78	19	49	68	115	77	39	96	
1	3	9	10	
9	4
87	78	19	49	68	12	69	50	107	
3	9	10	18	
7	3
87	78	19	49	68	37	50	
3	12	18	
7	4
87	78	19	49	68	39	50	
3	9	10	12	
6	5
87	78	19	49	68	39	
1	3	9	10	12	
6	5
87	78	19	49	68	50	
3	9	10	12	18	
5	6
87	78	19	49	68	
1	3	9	10	12	18	
4	3
87	78	19	45	
3	14	18	
6	3
87	78	19	44	185	63	
9	14	18	
8	3
87	78	19	77	39	96	115	6	
1	9	14	
7	5
87	78	19	77	39	96	115	
1	3	9	10	14	
4	6
87	78	19	39	
1	3	9	10	12	14	
3	7
87	78	19	
1	3	9	10	12	14	18	
18	2
87	78	355	39	60	49	336	48	79	116	59	41	67	40	117	97	68	50	
0	12	
14	2
87	78	73	69	54	49	92	45	37	116	59	97	111	40	
13	18	
7	3
87	78	73	111	54	45	92	
13	14	18	
20	3
87	78	117	115	96	109	232	60	116	59	97	49	40	52	39	68	90	41	79	77	
0	1	9	
15	3
87	78	117	48	67	79	41	60	116	59	97	49	40	68	39	
0	1	12	
14	3
87	78	117	50	39	79	41	60	116	59	97	49	40	68	
0	9	12	
13	4
87	78	117	68	39	79	41	60	116	59	97	49	40	
0	1	9	12	
6	3
87	78	45	37	69	49	
3	13	18	
3	4
87	78	45	
3	13	14	18	
25	2
87	78	194	69	49	97	116	59	40	70	80	96	115	39	68	99	61	42	77	48	67	105	107	12	50	
0	10	
17	3
87	78	194	105	49	97	116	59	40	70	67	96	115	39	68	48	77	
0	1	10	
8	3
87	78	37	40	49	97	116	59	
12	13	18	
4	4
87	78	37	49	
3	12	13	18	
15	3
87	78	105	49	97	116	59	40	69	67	96	115	39	77	48	
0	10	13	
15	3
87	78	105	49	97	116	59	40	38	67	96	115	39	77	48	
1	10	13	
14	4
87	78	105	49	97	116	59	40	48	67	96	115	39	77	
0	1	10	13	
16	3
87	78	69	49	97	116	59	40	42	80	107	50	12	99	68	61	
0	10	18	
16	3
87	78	69	49	97	116	59	40	96	115	107	50	12	39	68	77	
0	9	10	
12	4
87	78	69	49	97	116	59	40	96	115	77	39	
0	9	10	13	
17	3
87	78	69	49	97	116	59	40	107	60	90	52	12	68	50	41	79	
0	9	18	
12	4
87	78	69	49	97	116	59	40	107	50	68	12	
0	9	10	18	
8	5
87	78	69	49	97	116	59	40	
0	9	10	13	18	
9	3
87	78	69	49	38	96	39	77	115	
3	10	13	
9	3
87	78	69	49	157	107	50	68	12	
0	3	18	
12	4
87	78	69	49	96	107	50	68	12	115	77	39	
0	3	9	10	
8	5
87	78	69	49	96	39	77	115	
0	3	9	10	13	
8	5
87	78	69	49	107	50	68	12	
0	3	9	10	18	
4	6
87	78	69	49	
0	3	9	10	13	18	
12	3
87	78	97	49	50	68	48	67	40	59	39	116	
0	10	12	
12	4
87	78	97	49	50	68	79	41	40	59	60	116	
0	9	12	18	
10	4
87	78	97	49	50	68	39	116	40	59	
0	9	10	12	
9	5
87	78	97	49	50	68	59	116	40	
0	9	10	12	18	
11	4
87	78	97	49	48	68	59	116	40	39	67	
0	1	10	12	
14	3
87	78	97	49	48	104	59	116	40	39	67	66	47	38	
1	12	13	
11	4
87	78	97	49	48	38	59	116	40	39	67	
1	10	12	13	
10	5
87	78	97	49	48	67	59	116	40	39	
0	1	10	12	13	
13	4
87	78	97	49	68	60	59	116	40	52	41	79	90	
0	1	9	18	
11	5
87	78	97	49	68	60	59	116	40	79	41	
0	1	9	12	18	
12	4
87	78	97	49	68	39	59	116	40	96	115	77	
0	1	9	10	
9	5
87	78	97	49	68	39	59	116	40	
0	1	9	10	12	
8	6
87	78	97	49	68	40	59	116	
0	1	9	10	12	18	
11	5
87	78	97	49	39	40	59	116	115	77	96	
0	1	9	10	13	
8	6
87	78	97	49	39	40	59	116	
0	1	9	10	12	13	
7	7
87	78	97	49	116	40	59	
0	1	9	10	12	13	18	
6	5
87	78	50	49	68	39	
0	3	9	10	12	
5	6
87	78	50	49	68	
0	3	9	10	12	18	
11	3
87	78	38	49	104	77	96	115	39	47	66	
1	3	13	
8	4
87	78	38	49	104	66	47	39	
1	3	12	13	
8	4
87	78	38	49	77	96	115	39	
1	3	10	13	
5	5
87	78	38	49	39	
1	3	10	12	13	
8	3
87	78	38	261	39	115	96	77	
10	13	14	
10	4
87	78	38	47	39	115	96	77	66	104	
1	3	13	14	
7	5
87	78	38	47	39	104	66	
1	3	12	13	14	
7	5
87	78	38	115	39	96	77	
1	3	10	13	14	
4	6
87	78	38	39	
1	3	10	12	13	14	
8	5
87	78	49	39	96	77	115	68	
0	1	3	9	10	
7	6
87	78	49	39	96	77	115	
0	1	3	9	10	13	
5	6
87	78	49	39	68	
0	1	3	9	10	12	
4	7
87	78	49	39	
0	1	3	9	10	12	13	
4	7
87	78	49	68	
0	1	3	9	10	12	18	
3	8
87	78	49	
0	1	3	9	10	12	13	18	
6	7
87	78	39	96	115	77	
0	1	3	9	10	13	14	
3	8
87	78	39	
0	1	3	9	10	12	13	14	
2	9
87	78	
0	1	3	9	10	12	13	14	18	
20	2
87	88	105	19	6	134	68	49	85	135	289	57	38	114	76	48	67	40	95	20	
1	4	
10	3
87	88	105	20	40	67	68	49	48	135	
0	1	4	
13	3
87	88	19	20	95	85	68	49	76	135	57	38	114	
1	3	4	
6	4
87	88	135	20	49	68	
0	1	3	4	
18	2
87	130	42	60	12	79	107	69	50	108	117	61	52	51	99	80	90	41	
11	17	
10	3
87	130	42	90	80	99	51	52	61	108	
11	16	17	
14	3
87	130	60	90	12	79	51	52	107	108	50	117	41	69	
9	11	17	
5	4
87	130	50	90	52	
9	11	15	17	
6	4
87	130	108	90	52	51	
9	11	16	17	
4	5
87	130	52	90	
9	11	15	16	17	
13	3
87	134	76	68	114	48	19	67	57	40	95	49	38	
1	4	12	
13	3
87	185	100	43	90	62	19	52	81	44	63	98	50	
9	15	18	
19	3
87	185	68	49	90	69	19	52	107	11	106	12	50	41	51	79	108	60	40	
9	11	18	
7	3
87	185	37	50	90	52	19	
11	15	18	
5	4
87	185	63	44	19	
9	14	15	18	
6	4
87	185	50	90	19	52	
9	11	15	18	
3	5
87	185	19	
9	11	14	15	18	
14	3
87	105	19	114	48	38	76	68	289	49	95	57	40	67	
1	4	10	
7	4
87	105	40	67	48	38	49	
1	4	10	13	
7	4
87	105	40	67	48	68	49	
0	1	4	10	
6	5
87	105	40	67	48	49	
0	1	4	10	13	
16	3
87	5	44	73	100	92	81	43	62	63	98	50	90	52	54	111	
15	17	18	
10	4
87	5	44	52	100	90	81	43	62	63	
15	16	17	18	
33	2
87	67	48	52	289	90	96	77	85	135	38	95	57	108	184	51	76	79	68	40	41	60	39	66	49	114	115	104	47	193	183	19	117	
1	11	
26	2
87	67	48	52	117	90	96	77	80	135	99	42	61	107	12	50	69	79	68	40	41	60	39	240	49	115	
0	11	
17	3
87	67	48	52	117	90	96	77	68	135	79	115	49	39	60	41	40	
0	1	11	
22	3
87	67	48	38	117	95	76	51	68	66	79	114	49	39	60	41	40	57	184	19	47	104	
1	11	12	
20	3
87	67	48	38	115	95	76	51	68	289	96	114	49	39	77	108	40	57	184	19	
1	10	11	
13	3
87	67	48	38	115	66	47	104	40	77	96	39	49	
1	11	13	
10	4
87	67	48	38	115	96	49	39	40	77	
1	10	11	13	
15	4
87	67	48	38	95	76	49	39	40	114	51	19	184	57	68	
1	10	11	12	
15	3
87	67	48	38	95	76	49	135	40	114	289	19	85	57	68	
1	4	11	
13	4
87	67	48	38	95	76	49	57	40	114	289	19	68	
1	4	10	11	
12	5
87	67	48	38	95	76	49	57	40	114	68	19	
1	4	10	11	12	
10	4
87	67	48	38	39	104	49	47	40	66	
1	11	12	13	
7	5
87	67	48	38	39	40	49	
1	10	11	12	13	
6	6
87	67	48	38	49	40	
1	4	10	11	12	13	
12	3
87	67	48	117	49	40	79	60	41	68	39	50	
0	11	12	
11	4
87	67	48	117	49	40	79	60	41	68	39	
0	1	11	12	
18	3
87	67	48	12	49	40	61	69	42	68	39	50	77	96	99	115	80	107	
0	10	11	
7	4
87	67	48	135	49	40	68	
0	1	4	11	
10	4
87	67	48	96	49	40	68	115	77	39	
0	1	10	11	
10	4
87	67	48	96	49	40	69	115	77	39	
0	10	11	13	
9	5
87	67	48	96	49	40	39	115	77	
0	1	10	11	13	
8	4
87	67	48	68	49	40	39	50	
0	10	11	12	
7	5
87	67	48	68	49	40	39	
0	1	10	11	12	
6	6
87	67	48	68	49	40	
0	1	4	10	11	12	
6	6
87	67	48	39	49	40	
0	1	10	11	12	13	
5	7
87	67	48	40	49	
0	1	4	10	11	12	13	
14	2
87	44	63	40	49	45	73	68	111	54	92	98	19	37	
4	18	
8	3
87	44	63	40	49	98	19	68	
4	9	18	
14	3
87	44	63	89	49	62	19	108	90	43	81	100	52	51	
9	16	18	
20	3
87	44	63	89	50	62	98	108	90	43	81	100	52	51	107	79	60	69	41	12	
9	17	18	
12	4
87	44	63	89	51	62	52	108	90	43	81	100	
9	16	17	18	
11	3
87	44	63	98	111	45	73	37	92	54	19	
4	15	18	
8	4
87	44	63	98	111	54	73	92	
4	15	17	18	
11	4
87	44	63	98	62	52	90	43	81	50	100	
9	15	17	18	
5	4
87	44	63	98	19	
4	9	15	18	
4	5
87	44	63	98	
4	9	15	17	18	
9	4
87	44	63	54	19	73	92	45	111	
4	14	15	18	
7	5
87	44	63	54	111	73	92	
4	14	15	17	18	
7	3
87	44	63	19	49	45	37	
4	16	18	
5	4
87	44	63	19	49	
4	9	16	18	
6	4
87	44	63	19	45	37	
4	15	16	18	
5	5
87	44	63	19	45	
4	14	15	16	18	
10	4
87	44	63	19	90	52	62	81	43	100	
9	15	16	18	
4	6
87	44	63	19	
4	9	14	15	16	18	
9	5
87	44	63	90	52	62	81	43	100	
9	15	16	17	18	
3	7
87	44	63	
4	9	14	15	16	17	18	
17	3
87	40	68	52	80	12	79	41	60	90	50	69	42	99	61	107	49	
0	11	18	
18	3
87	40	68	52	117	12	79	41	60	90	50	69	96	77	115	107	49	39	
0	9	11	
18	3
87	40	68	52	117	108	79	41	60	90	289	51	96	77	115	19	49	39	
1	9	11	
14	4
87	40	68	52	117	115	79	41	60	90	39	49	96	77	
0	1	9	11	
13	4
87	40	68	52	12	50	79	41	60	90	69	49	107	
0	9	11	18	
12	4
87	40	68	52	108	51	79	41	60	90	19	49	
1	9	11	18	
9	5
87	40	68	52	49	90	79	41	60	
0	1	9	11	18	
17	3
87	40	68	80	49	42	61	99	12	19	51	108	106	107	69	50	11	
10	11	18	
12	4
87	40	68	80	49	42	61	99	12	50	69	107	
0	10	11	18	
7	3
87	40	68	6	49	19	289	
1	4	9	
11	4
87	40	68	79	49	19	117	39	60	41	51	
1	9	11	12	
13	3
87	40	68	79	49	19	37	50	60	41	51	11	106	
11	12	18	
12	4
87	40	68	79	49	19	106	50	60	41	51	11	
9	11	12	18	
9	5
87	40	68	79	49	19	51	41	60	
1	9	11	12	18	
10	4
87	40	68	79	49	39	117	41	60	50	
0	9	11	12	
9	5
87	40	68	79	49	39	117	41	60	
0	1	9	11	12	
8	5
87	40	68	79	49	50	60	41	
0	9	11	12	18	
7	6
87	40	68	79	49	41	60	
0	1	9	11	12	18	
18	3
87	40	68	19	49	289	51	12	69	107	50	96	77	115	11	39	106	108	
9	10	11	
12	4
87	40	68	19	49	289	51	115	77	108	39	96	
1	9	10	11	
6	5
87	40	68	19	49	289	
1	4	9	10	11	
13	4
87	40	68	19	49	51	12	106	108	11	69	107	50	
9	10	11	18	
10	4
87	40	68	19	49	51	50	106	39	11	
9	10	11	12	
9	5
87	40	68	19	49	51	50	106	11	
9	10	11	12	18	
7	5
87	40	68	19	49	51	108	
1	9	10	11	18	
7	5
87	40	68	19	49	51	39	
1	9	10	11	12	
6	6
87	40	68	19	49	51	
1	9	10	11	12	18	
6	4
87	40	68	19	49	37	
4	11	12	18	
5	7
87	40	68	19	49	
1	4	9	10	11	12	18	
12	4
87	40	68	12	49	96	77	69	115	50	39	107	
0	9	10	11	
8	5
87	40	68	12	49	107	50	69	
0	9	10	11	18	
8	5
87	40	68	96	49	39	115	77	
0	1	9	10	11	
6	5
87	40	68	50	49	39	
0	9	10	11	12	
5	6
87	40	68	50	49	
0	9	10	11	12	18	
5	6
87	40	68	39	49	
0	1	9	10	11	12	
4	8
87	40	68	49	
0	1	4	9	10	11	12	18	
9	3
87	40	111	49	37	73	45	54	92	
4	13	18	
8	5
87	40	39	49	69	77	115	96	
0	9	10	11	13	
7	6
87	40	39	49	96	77	115	
0	1	9	10	11	13	
4	7
87	40	39	49	
0	1	9	10	11	12	13	
5	3
87	40	37	49	69	
11	13	18	
4	5
87	40	37	49	
4	11	12	13	18	
4	6
87	40	69	49	
0	9	10	11	13	18	
3	9
87	40	49	
0	1	4	9	10	11	12	13	18	
9	3
87	68	49	69	37	107	12	50	19	
3	11	18	
12	3
87	68	49	69	135	107	12	50	96	115	77	39	
0	3	11	
17	3
87	68	49	69	19	107	12	50	96	115	77	39	57	76	114	38	95	
3	10	11	
12	4
87	68	49	69	19	107	12	50	96	115	77	39	
3	9	10	11	
8	5
87	68	49	69	19	107	12	50	
3	9	10	11	18	
11	5
87	68	49	69	96	107	12	50	115	77	39	
0	3	9	10	11	
7	6
87	68	49	69	50	107	12	
0	3	9	10	11	18	
18	3
87	68	49	135	47	95	77	39	66	104	85	38	114	57	76	96	115	19	
1	3	11	
11	4
87	68	49	135	19	95	76	57	38	114	85	
1	3	4	11	
8	4
87	68	49	135	77	96	39	115	
0	1	3	11	
4	5
87	68	49	135	
0	1	3	4	11	
11	4
87	68	49	50	57	39	38	19	114	95	76	
3	10	11	12	
6	4
87	68	49	50	37	19	
3	11	12	18	
6	5
87	68	49	50	39	19	
3	9	10	11	12	
5	6
87	68	49	50	39	
0	3	9	10	11	12	
5	6
87	68	49	50	19	
3	9	10	11	12	18	
4	7
87	68	49	50	
0	3	9	10	11	12	18	
13	4
87	68	49	96	19	39	115	114	95	76	38	57	77	
1	3	10	11	
8	5
87	68	49	96	19	39	115	77	
1	3	9	10	11	
7	6
87	68	49	96	77	39	115	
0	1	3	9	10	11	
6	3
87	68	49	37	45	19	
3	4	18	
5	5
87	68	49	37	19	
3	4	11	12	18	
13	4
87	68	49	39	19	38	114	57	95	76	104	47	66	
1	3	11	12	
10	5
87	68	49	39	19	38	114	57	95	76	
1	3	10	11	12	
5	6
87	68	49	39	19	
1	3	9	10	11	12	
4	7
87	68	49	39	
0	1	3	9	10	11	12	
9	6
87	68	49	19	95	57	76	114	38	
1	3	4	10	11	12	
4	8
87	68	49	19	
1	3	4	9	10	11	12	18	
3	9
87	68	49	
0	1	3	4	9	10	11	12	18	
8	4
87	69	49	96	77	115	38	39	
3	10	11	13	
7	6
87	69	49	96	77	115	39	
0	3	9	10	11	13	
4	4
87	69	49	37	
3	11	13	18	
3	7
87	69	49	
0	3	9	10	11	13	18	
15	3
87	69	41	79	90	52	60	117	12	42	99	107	61	50	80	
0	11	17	
11	4
87	69	41	79	90	52	60	117	12	50	107	
0	9	11	17	
16	3
87	69	41	79	90	52	60	42	12	50	107	108	51	80	61	99	
11	17	18	
14	4
87	69	41	79	90	52	60	42	12	50	107	99	61	80	
0	11	17	18	
12	4
87	69	41	79	90	52	60	108	12	50	107	51	
9	11	17	18	
10	5
87	69	41	79	90	52	60	107	12	50	
0	9	11	17	18	
11	2
87	69	36	93	112	55	84	73	54	111	92	
13	17	
7	3
87	69	36	93	112	55	84	
3	13	17	
16	3
87	69	107	43	62	100	12	81	89	50	51	80	61	99	42	108	
10	17	18	
12	4
87	69	107	43	62	100	12	81	89	50	51	108	
9	10	17	18	
10	3
87	69	107	70	80	61	12	42	99	50	
0	10	17	
11	4
87	69	107	51	80	61	12	42	99	50	108	
10	11	17	18	
7	5
87	69	107	51	108	50	12	
9	10	11	17	18	
9	5
87	69	107	80	61	50	12	99	42	
0	10	11	17	18	
5	7
87	69	107	12	50	
0	3	9	10	11	17	18	
6	3
87	69	54	111	92	73	
13	17	18	
2	8
87	69	
0	3	9	10	11	13	17	18	
13	2
87	295	52	90	109	296	184	57	95	76	38	114	19	
1	15	
8	3
87	295	19	114	38	76	95	57	
1	14	15	
18	2
87	42	19	61	119	34	43	74	184	80	62	51	100	99	81	108	49	89	
10	16	
12	3
87	42	19	61	52	37	49	90	99	80	108	51	
11	16	18	
14	3
87	42	19	61	62	43	49	89	99	80	108	51	100	81	
10	16	18	
10	3
87	42	19	61	184	51	49	108	99	80	
10	11	16	
9	4
87	42	19	61	80	51	49	108	99	
10	11	16	18	
13	3
87	42	34	61	80	51	62	108	99	43	89	100	81	
10	16	17	
8	4
87	42	49	61	80	90	52	99	
0	11	16	18	
6	5
87	42	49	61	80	99	
0	10	11	16	18	
12	4
87	42	51	61	80	99	81	100	108	89	43	62	
10	16	17	18	
9	4
87	42	51	61	80	99	52	90	108	
11	16	17	18	
7	5
87	42	51	61	80	99	108	
10	11	16	17	18	
7	5
87	42	90	61	80	99	52	
0	11	16	17	18	
5	6
87	42	99	61	80	
0	10	11	16	17	18	
3	3
87	296	38	
1	13	15	
11	3
87	89	51	108	62	19	43	119	49	81	100	
9	10	16	
10	4
87	89	51	108	62	19	43	100	49	81	
9	10	16	18	
8	5
87	89	51	108	62	81	43	100	
9	10	16	17	18	
14	4
87	66	95	76	47	38	114	57	19	104	96	115	77	39	
1	3	11	14	
11	5
87	66	95	76	47	38	114	57	19	104	39	
1	3	11	12	14	
10	4
87	66	49	39	47	38	96	115	77	104	
1	3	11	13	
7	5
87	66	49	39	47	38	104	
1	3	11	12	13	
9	5
87	66	96	39	47	38	104	77	115	
1	3	11	13	14	
6	6
87	66	104	39	47	38	
1	3	11	12	13	14	
9	3
87	62	81	100	43	74	34	19	184	
10	15	16	
7	3
87	62	81	100	43	50	34	
10	15	17	
7	4
87	62	81	100	43	50	19	
9	10	15	18	
6	5
87	62	81	100	43	50	
9	10	15	17	18	
6	4
87	62	81	100	43	34	
10	15	16	17	
6	5
87	62	81	100	43	19	
9	10	15	16	18	
5	6
87	62	81	100	43	
9	10	15	16	17	18	
11	5
87	39	77	115	96	19	38	57	114	95	76	
1	3	10	11	14	
6	6
87	39	77	115	96	19	
1	3	9	10	11	14	
7	5
87	39	77	115	96	38	49	
1	3	10	11	13	
6	6
87	39	77	115	96	38	
1	3	10	11	13	14	
6	7
87	39	77	115	96	49	
0	1	3	9	10	11	13	
5	8
87	39	77	115	96	
0	1	3	9	10	11	13	14	
8	6
87	39	19	114	95	76	38	57	
1	3	10	11	12	14	
3	7
87	39	19	
1	3	9	10	11	12	14	
4	6
87	39	38	49	
1	3	10	11	12	13	
3	7
87	39	38	
1	3	10	11	12	13	14	
3	8
87	39	49	
0	1	3	9	10	11	12	13	
2	9
87	39	
0	1	3	9	10	11	12	13	14	
9	3
87	34	74	19	38	114	57	76	95	
10	14	15	
4	4
87	34	74	19	
10	14	15	16	
2	5
87	34	
10	14	15	16	17	
3	3
87	49	26	
0	13	16	
3	7
87	49	38	
1	3	4	10	11	12	13	
8	3
87	49	90	19	109	52	51	108	
1	9	16	
8	3
87	49	90	19	184	52	51	108	
1	11	16	
7	5
87	49	90	19	108	52	51	
1	9	11	16	18	
5	4
87	49	90	109	52	
0	1	9	16	
4	6
87	49	90	52	
0	1	9	11	16	18	
5	4
87	49	19	45	37	
3	4	16	18	
6	4
87	49	19	108	51	184	
1	10	11	16	
5	6
87	49	19	108	51	
1	9	10	11	16	18	
5	4
87	49	19	37	51	
11	12	16	18	
4	6
87	49	19	37	
3	4	11	12	16	18	
5	5
87	49	19	51	184	
1	10	11	12	16	
4	7
87	49	19	51	
1	9	10	11	12	16	18	
4	3
87	49	19	74	
3	10	16	
3	9
87	49	19	
1	3	4	9	10	11	12	16	18	
4	5
87	49	45	37	
3	4	13	16	18	
3	7
87	49	37	
3	4	11	12	13	16	18	
2	11
87	49	
0	1	3	4	9	10	11	12	13	16	18	
12	2
87	112	36	50	41	79	60	93	117	84	55	51	
12	17	
7	3
87	112	36	50	55	84	93	
3	12	17	
10	4
87	112	36	73	55	84	93	92	111	54	
4	13	14	17	
6	3
87	112	36	51	55	93	
12	16	17	
6	6
87	112	36	84	55	93	
3	4	12	13	14	17	
5	7
87	112	36	93	55	
3	4	12	13	14	16	17	
4	4
87	112	50	84	
3	12	15	17	
7	5
87	112	73	84	92	111	54	
4	13	14	15	17	
3	7
87	112	84	
3	4	12	13	14	15	17	
2	8
87	112	
3	4	12	13	14	15	16	17	
5	3
87	37	50	19	45	
3	15	18	
4	5
87	37	50	19	
3	11	12	15	18	
7	4
87	37	73	92	111	54	45	
4	13	15	18	
5	4
87	37	19	52	90	
11	15	16	18	
4	5
87	37	19	45	
3	4	15	16	18	
3	7
87	37	19	
3	4	11	12	15	16	18	
3	6
87	37	45	
3	4	13	15	16	18	
2	8
87	37	
3	4	11	12	13	15	16	18	
4	3
87	70	51	108	
1	10	17	
2	4
87	70	
0	1	10	17	
6	5
87	45	92	54	73	111	
4	13	14	15	18	
3	6
87	45	19	
3	4	14	15	16	18	
2	7
87	45	
3	4	13	14	15	16	18	
10	3
87	117	52	90	60	51	108	41	79	109	
1	9	17	
9	4
87	117	52	90	60	51	108	41	79	
1	9	11	17	
8	4
87	117	52	90	60	79	109	41	
0	1	9	17	
7	5
87	117	52	90	60	79	41	
0	1	9	11	17	
7	4
87	117	51	50	60	79	41	
9	11	12	17	
6	5
87	117	51	41	60	79	
1	9	11	12	17	
6	5
87	117	50	41	60	79	
0	9	11	12	17	
5	6
87	117	79	41	60	
0	1	9	11	12	17	
9	3
87	74	19	114	95	50	57	76	38	
3	10	15	
8	4
87	74	19	114	95	38	57	76	
3	10	14	15	
3	5
87	74	19	
3	10	14	15	16	
8	5
87	79	41	60	52	90	51	108	
1	9	11	17	18	
6	6
87	79	41	60	52	90	
0	1	9	11	17	18	
6	5
87	79	41	60	51	50	
9	11	12	17	18	
5	6
87	79	41	60	51	
1	9	11	12	17	18	
5	6
87	79	41	60	50	
0	9	11	12	17	18	
4	7
87	79	41	60	
0	1	9	11	12	17	18	
9	4
87	19	95	38	50	76	114	184	57	
10	11	12	15	
8	5
87	19	95	38	50	76	114	57	
3	10	11	12	15	
8	3
87	19	95	38	6	76	114	57	
1	4	14	
10	3
87	19	95	38	184	76	114	57	52	90	
1	11	15	
8	5
87	19	95	38	184	76	114	57	
1	10	11	12	15	
7	8
87	19	95	38	57	76	114	
1	3	4	10	11	12	14	15	
3	7
87	19	50	
3	9	10	11	12	15	18	
3	4
87	19	6	
1	4	9	14	
6	3
87	19	184	52	90	109	
1	15	16	
5	4
87	19	184	52	90	
1	11	15	16	
3	6
87	19	184	
1	10	11	12	15	16	
5	4
87	19	52	109	90	
1	9	15	16	
4	6
87	19	52	90	
1	9	11	15	16	18	
2	11
87	19	
1	3	4	9	10	11	12	14	15	16	18	
2	9
87	38	
1	3	4	10	11	12	13	14	15	
6	4
87	51	90	109	52	108	
1	9	16	17	
5	6
87	51	90	108	52	
1	9	11	16	17	18	
3	6
87	51	50	
9	10	11	12	17	18	
3	7
87	51	108	
1	9	10	11	16	17	18	
2	8
87	51	
1	9	10	11	12	16	17	18	
4	6
87	90	109	52	
0	1	9	15	16	17	
4	6
87	90	50	52	
0	9	11	15	17	18	
3	8
87	90	52	
0	1	9	11	15	16	17	18	
2	9
87	50	
0	3	9	10	11	12	15	17	18	
5	6
87	92	111	54	73	
4	13	14	15	17	18	
7	3
78	111	54	73	92	45	37	
5	13	18	
6	5
78	111	54	73	92	45	
5	7	13	14	18	
5	6
78	111	54	73	92	
5	6	7	13	14	18	
20	2
78	407	88	50	40	107	12	69	232	59	39	70	67	116	97	77	105	115	96	48	
0	2	
22	2
78	366	88	19	40	347	6	328	108	59	51	70	174	116	97	117	79	41	60	52	90	109	
1	8	
15	2
78	21	50	19	40	98	69	107	108	59	51	12	37	116	97	
2	18	
5	3
78	21	51	19	108	
2	7	18	
20	2
78	347	51	19	108	40	50	69	70	34	89	107	80	61	42	99	59	12	116	97	
8	10	
10	3
78	347	51	19	108	40	116	97	70	59	
1	8	10	
6	3
78	347	80	61	42	99	
6	8	10	
12	2
78	347	135	85	66	104	47	88	109	52	6	90	
1	6	
7	3
78	347	90	6	52	109	88	
1	6	8	
2	4
78	347	
1	6	8	10	
15	3
78	176	79	52	43	81	90	41	51	19	108	60	100	62	89	
7	9	18	
14	3
78	88	79	52	116	109	90	41	97	117	40	60	70	59	
0	1	8	
34	2
78	88	47	193	116	296	353	38	97	96	40	114	70	59	108	57	19	51	105	104	66	85	95	183	39	115	13	76	134	67	77	48	295	232	
1	2	
12	2
78	88	47	134	85	67	66	104	105	48	19	6	
1	5	
11	3
78	88	47	134	85	67	66	104	105	48	19	
1	2	5	
17	3
78	88	47	76	85	77	66	104	95	353	19	38	115	96	57	114	39	
1	2	3	
7	3
78	88	47	6	85	104	66	
1	5	6	
7	3
78	88	47	135	85	104	66	
1	3	6	
7	4
78	88	47	19	85	104	66	
1	2	3	5	
6	5
78	88	47	66	85	104	
1	2	3	5	6	
6	3
78	88	52	109	90	135	
0	1	6	
5	4
78	88	52	109	90	
0	1	6	8	
13	2
78	88	64	102	45	12	112	19	210	83	107	69	50	
3	8	
8	3
78	88	64	102	45	83	112	19	
3	5	8	
15	3
78	88	232	97	116	70	59	40	48	67	105	77	96	115	39	
0	1	2	
3	4
78	88	112	
3	5	6	8	
10	3
78	88	97	19	116	51	108	59	70	40	
1	2	8	
11	3
78	88	97	107	116	12	69	59	70	40	50	
0	2	8	
7	4
78	88	97	40	116	70	59	
0	1	2	8	
4	3
78	88	19	6	
1	5	8	
7	3
78	88	19	12	69	107	50	
2	3	8	
3	5
78	88	19	
1	2	3	5	8	
3	4
78	88	6	
1	5	6	8	
5	4
78	88	67	105	48	
0	1	2	5	
10	3
78	88	12	69	50	39	96	77	115	107	
0	2	3	
6	4
78	88	12	69	50	107	
0	2	3	8	
6	4
78	88	39	115	77	96	
0	1	2	3	
3	4
78	88	135	
0	1	3	6	
2	7
78	88	
0	1	2	3	5	6	8	
17	2
78	79	41	60	289	20	109	52	90	134	117	13	51	232	108	70	19	
1	7	
13	3
78	79	41	60	289	19	109	52	90	108	117	232	51	
1	7	9	
14	2
78	79	41	60	112	19	50	116	59	97	117	267	51	40	
8	12	
11	3
78	79	41	60	232	109	52	90	70	20	117	
0	1	7	
9	4
78	79	41	60	232	109	52	90	117	
0	1	7	9	
12	3
78	79	41	60	51	109	52	90	117	19	70	108	
1	7	8	
16	3
78	79	41	60	51	109	52	90	117	19	97	108	40	59	6	116	
1	8	9	
11	4
78	79	41	60	51	109	52	90	117	19	108	
1	7	8	9	
8	3
78	79	41	60	51	134	19	117	
1	7	12	
20	3
78	79	41	60	51	12	19	44	40	50	59	69	107	116	63	97	52	90	108	89	
8	9	18	
12	3
78	79	41	60	51	117	19	97	40	50	59	116	
8	9	12	
11	4
78	79	41	60	51	117	19	97	40	116	59	
1	8	9	12	
7	5
78	79	41	60	51	117	19	
1	7	8	9	12	
10	4
78	79	41	60	51	89	19	52	90	108	
7	8	9	18	
13	4
78	79	41	60	51	59	19	52	90	108	116	40	97	
1	8	9	18	
11	4
78	79	41	60	51	59	19	50	97	40	116	
8	9	12	18	
10	5
78	79	41	60	51	59	19	116	97	40	
1	8	9	12	18	
9	5
78	79	41	60	51	52	19	90	108	
1	7	8	9	18	
6	6
78	79	41	60	51	19	
1	7	8	9	12	18	
9	4
78	79	41	60	109	70	90	117	52	
0	1	7	8	
12	4
78	79	41	60	109	59	90	117	52	40	97	116	
0	1	8	9	
8	5
78	79	41	60	109	52	90	117	
0	1	7	8	9	
14	4
78	79	41	60	69	52	90	12	40	97	116	59	107	50	
0	8	9	18	
10	4
78	79	41	60	117	59	116	50	40	97	
0	8	9	12	
9	5
78	79	41	60	117	59	116	97	40	
0	1	8	9	12	
5	6
78	79	41	60	117	
0	1	7	8	9	12	
10	5
78	79	41	60	52	116	97	40	90	59	
0	1	8	9	18	
6	6
78	79	41	60	52	90	
0	1	7	8	9	18	
9	5
78	79	41	60	116	50	40	97	59	
0	8	9	12	18	
8	6
78	79	41	60	116	59	40	97	
0	1	8	9	12	18	
4	7
78	79	41	60	
0	1	7	8	9	12	18	
25	2
78	77	96	115	59	40	97	50	116	38	57	105	107	12	69	39	19	108	51	76	48	67	70	114	95	
2	10	
14	3
78	77	96	115	59	40	97	50	116	232	39	69	107	12	
0	2	9	
16	3
78	77	96	115	59	40	97	50	116	19	39	69	107	12	108	51	
2	9	10	
17	3
78	77	96	115	59	40	97	50	116	105	39	69	107	12	48	70	67	
0	2	10	
13	4
78	77	96	115	59	40	97	50	116	12	39	69	107	
0	2	9	10	
21	3
78	77	96	115	59	40	97	57	116	76	39	38	114	48	70	67	105	51	108	19	95	
1	2	10	
14	3
78	77	96	115	59	40	97	69	116	105	39	38	67	48	
2	10	13	
13	4
78	77	96	115	59	40	97	69	116	105	39	48	67	
0	2	10	13	
10	5
78	77	96	115	59	40	97	69	116	39	
0	2	9	10	13	
17	3
78	77	96	115	59	40	97	296	116	39	47	67	104	48	38	105	66	
1	2	13	
13	3
78	77	96	115	59	40	97	232	116	39	19	108	51	
1	2	9	
10	4
78	77	96	115	59	40	97	232	116	39	
0	1	2	9	
13	4
78	77	96	115	59	40	97	70	116	39	67	48	105	
0	1	2	10	
13	4
78	77	96	115	59	40	97	38	116	39	67	48	105	
1	2	10	13	
12	4
78	77	96	115	59	40	97	108	116	39	51	19	
1	2	9	10	
12	5
78	77	96	115	59	40	97	67	116	39	48	105	
0	1	2	10	13	
9	6
78	77	96	115	59	40	97	39	116	
0	1	2	9	10	13	
15	3
78	77	96	115	50	12	107	39	114	95	76	38	57	19	69	
2	3	10	
10	4
78	77	96	115	50	12	107	39	19	69	
2	3	9	10	
9	5
78	77	96	115	50	12	107	39	69	
0	2	3	9	10	
16	3
78	77	96	115	114	95	353	39	66	19	295	57	38	76	47	104	
1	2	14	
15	4
78	77	96	115	114	95	353	39	66	19	104	57	38	76	47	
1	2	3	14	
11	5
78	77	96	115	114	95	57	39	76	19	38	
1	2	3	10	14	
9	5
78	77	96	115	47	66	104	39	38	
1	2	3	13	14	
7	4
78	77	96	115	38	69	39	
2	3	10	13	
6	6
78	77	96	115	38	39	
1	2	3	10	13	14	
6	6
78	77	96	115	69	39	
0	2	3	9	10	13	
6	6
78	77	96	115	19	39	
1	2	3	9	10	14	
5	8
78	77	96	115	39	
0	1	2	3	9	10	13	14	
4	3
78	267	112	19	
5	8	12	
3	3
78	20	19	
1	3	7	
2	4
78	20	
0	1	3	7	
8	3
78	44	19	63	62	81	43	100	
5	9	18	
4	5
78	44	19	63	
5	8	9	14	18	
9	3
78	44	52	63	90	62	81	100	43	
6	9	18	
5	4
78	44	52	63	90	
6	8	9	18	
7	4
78	44	62	63	43	81	100	
5	6	9	18	
3	6
78	44	63	
5	6	8	9	14	18	
8	3
78	13	19	51	108	134	232	70	
1	2	7	
7	4
78	112	19	102	83	45	64	
3	5	8	14	
4	3
78	112	19	50	
3	8	12	
3	5
78	112	19	
3	5	8	12	14	
13	2
78	112	361	116	45	64	83	102	59	40	210	97	69	
8	13	
3	3
78	112	361	
6	8	13	
6	3
78	112	116	97	40	59	
8	12	13	
8	3
78	112	45	69	64	210	102	83	
3	8	13	
6	5
78	112	45	83	64	102	
3	5	8	13	14	
2	7
78	112	
3	5	6	8	12	13	14	
5	4
78	232	108	19	51	
1	2	7	9	
3	4
78	232	70	
0	1	2	7	
2	5
78	232	
0	1	2	7	9	
3	4
78	34	19	
5	8	10	14	
13	3
78	98	19	108	51	97	116	59	40	69	107	12	50	
2	9	18	
3	4
78	74	19	
3	7	10	14	
2	5
78	74	
3	6	7	10	14	
6	3
78	19	104	66	47	6	
1	5	14	
19	3
78	19	104	66	47	51	114	48	67	134	59	97	116	95	76	57	39	38	40	
1	2	12	
11	5
78	19	104	66	47	38	114	57	76	95	39	
1	2	3	12	14	
8	4
78	19	104	66	47	48	67	134	
1	2	5	12	
5	6
78	19	104	66	47	
1	2	3	5	12	14	
13	3
78	19	99	61	80	42	89	51	62	43	81	108	100	
7	10	18	
17	3
78	19	99	61	80	42	89	51	59	97	50	108	116	40	12	107	69	
8	10	18	
10	3
78	19	99	61	80	42	89	51	70	108	
7	8	10	
9	4
78	19	99	61	80	42	89	51	108	
7	8	10	18	
9	3
78	19	37	59	97	50	116	51	40	
2	12	18	
7	3
78	19	37	12	107	50	69	
2	3	18	
4	3
78	19	37	45	
3	5	18	
4	4
78	19	37	50	
2	3	12	18	
3	5
78	19	37	
2	3	5	12	18	
6	3
78	19	289	51	108	70	
1	7	10	
5	4
78	19	289	51	108	
1	7	9	10	
13	3
78	19	50	51	108	70	69	107	12	40	116	97	59	
2	8	10	
13	4
78	19	50	51	108	89	69	107	12	40	116	97	59	
8	9	10	18	
12	5
78	19	50	51	108	59	69	107	12	40	116	97	
2	8	9	10	18	
16	3
78	19	50	51	95	59	38	57	114	40	116	97	48	39	67	76	
2	10	12	
9	4
78	19	50	51	39	59	97	116	40	
2	9	10	12	
8	6
78	19	50	51	40	59	97	116	
2	8	9	10	12	18	
7	3
78	19	50	69	107	12	45	
3	8	18	
6	6
78	19	50	69	107	12	
2	3	8	9	10	18	
9	4
78	19	50	95	76	38	57	39	114	
2	3	10	12	
4	5
78	19	50	39	
2	3	9	10	12	
3	7
78	19	50	
2	3	8	9	10	12	18	
15	4
78	19	51	39	38	57	76	114	67	95	59	116	48	97	40	
1	2	10	12	
8	5
78	19	51	39	40	59	97	116	
1	2	9	10	12	
9	4
78	19	51	70	40	59	97	116	108	
1	2	8	10	
5	5
78	19	51	70	108	
1	2	7	8	10	
8	6
78	19	51	40	108	59	97	116	
1	2	8	9	10	18	
7	7
78	19	51	40	116	59	97	
1	2	8	9	10	12	18	
9	4
78	19	51	108	89	81	43	62	100	
7	9	10	18	
5	5
78	19	51	108	89	
7	8	9	10	18	
4	7
78	19	51	108	
1	2	7	8	9	10	18	
4	4
78	19	51	134	
1	2	7	12	
3	8
78	19	51	
1	2	7	8	9	10	12	18	
8	6
78	19	39	76	38	114	57	95	
1	2	3	10	12	14	
3	7
78	19	39	
1	2	3	9	10	12	14	
3	5
78	19	134	
1	2	5	7	12	
6	5
78	19	100	62	43	81	
5	7	9	10	18	
5	4
78	19	48	105	67	
1	2	5	10	
4	5
78	19	48	67	
1	2	5	10	12	
7	3
78	19	210	45	64	102	83	
3	7	8	
3	5
78	19	6	
1	5	8	9	14	
6	5
78	19	45	64	102	83	
3	5	7	8	14	
3	6
78	19	45	
3	5	7	8	14	18	
2	11
78	19	
1	2	3	5	7	8	9	10	12	14	18	
12	4
78	104	66	39	97	47	40	116	38	59	48	67	
1	2	12	13	
6	6
78	104	66	39	38	47	
1	2	3	12	13	14	
7	4
78	104	66	105	67	47	48	
1	2	5	13	
5	4
78	104	66	6	47	
1	5	6	14	
6	5
78	104	66	67	47	48	
1	2	5	12	13	
4	8
78	104	66	47	
1	2	3	5	6	12	13	14	
6	4
78	83	64	102	45	210	
3	7	8	13	
5	6
78	83	64	102	45	
3	5	7	8	13	14	
4	6
78	48	67	105	
0	1	2	5	10	13	
9	4
78	48	67	50	39	116	40	59	97	
0	2	10	12	
9	5
78	48	67	38	39	116	40	59	97	
1	2	10	12	13	
8	6
78	48	67	97	39	116	40	59	
0	1	2	10	12	13	
3	7
78	48	67	
0	1	2	5	10	12	13	
7	3
78	45	69	97	116	40	59	
8	13	18	
3	4
78	45	69	
3	8	13	18	
3	4
78	45	37	
3	5	13	18	
2	7
78	45	
3	5	7	8	13	14	18	
7	3
78	69	116	40	59	37	97	
2	13	18	
14	3
78	69	116	40	59	12	97	107	42	50	70	80	61	99	
0	8	10	
13	4
78	69	116	40	59	12	97	107	42	50	99	80	61	
0	8	10	18	
10	4
78	69	116	40	59	12	97	107	70	50	
0	2	8	10	
9	6
78	69	116	40	59	12	97	107	50	
0	2	8	9	10	18	
6	7
78	69	116	40	59	97	
0	2	8	9	10	13	18	
5	7
78	69	50	107	12	
0	2	3	8	9	10	18	
3	4
78	69	37	
2	3	13	18	
2	8
78	69	
0	2	3	8	9	10	13	18	
6	4
78	59	37	97	116	40	
2	12	13	18	
7	5
78	59	39	97	116	40	50	
0	2	9	10	12	
6	7
78	59	39	97	116	40	
0	1	2	9	10	12	13	
6	7
78	59	50	97	116	40	
0	2	8	9	10	12	18	
6	5
78	59	70	97	116	40	
0	1	2	8	10	
5	9
78	59	40	97	116	
0	1	2	8	9	10	12	13	18	
2	6
78	37	
2	3	5	12	13	18	
5	4
78	109	6	90	52	
1	6	8	9	
4	6
78	109	52	90	
0	1	6	7	8	9	
3	6
78	50	39	
0	2	3	9	10	12	
2	8
78	50	
0	2	3	8	9	10	12	18	
7	4
78	52	90	62	100	43	81	
6	7	9	18	
3	7
78	52	90	
0	1	6	7	8	9	18	
6	4
78	42	80	70	61	99	
0	7	8	10	
9	4
78	42	80	81	61	99	43	62	100	
6	7	10	18	
5	6
78	42	80	99	61	
0	6	7	8	10	18	
2	6
78	70	
0	1	2	7	8	10	
3	7
78	39	38	
1	2	3	10	12	13	14	
2	9
78	39	
0	1	2	3	9	10	12	13	14	
2	6
78	6	
1	5	6	8	9	14	
5	6
78	81	62	100	43	
5	6	7	9	10	18	
20	3
111	62	100	43	81	41	92	108	60	89	61	99	80	42	90	52	79	51	73	54	
7	17	18	
16	3
111	62	100	43	81	44	92	73	63	54	61	99	80	42	90	52	
6	17	18	
12	4
111	62	100	43	81	44	92	73	63	54	90	52	
6	15	17	18	
10	5
111	62	100	43	81	44	92	73	63	54	
5	6	15	17	18	
14	4
111	62	100	43	81	61	92	73	99	54	52	90	80	42	
6	7	17	18	
10	5
111	62	100	43	81	90	92	73	52	54	
6	7	15	17	18	
8	6
111	62	100	43	81	54	92	73	
5	6	7	15	17	18	
9	5
111	84	112	36	55	54	92	73	93	
4	6	13	14	17	
6	6
111	84	112	73	92	54	
4	6	13	14	15	17	
5	7
111	84	54	73	92	
4	6	7	13	14	15	17	
9	4
111	19	54	73	92	37	63	45	44	
4	5	15	18	
8	5
111	19	54	73	92	44	63	45	
4	5	14	15	18	
6	6
111	19	54	73	92	45	
4	5	7	14	15	18	
8	6
111	55	54	73	92	93	36	112	
4	5	6	13	14	17	
6	5
111	45	54	73	92	37	
4	5	13	15	18	
5	7
111	45	54	73	92	
4	5	7	13	14	15	18	
6	7
111	63	54	73	92	44	
4	5	6	14	15	17	18	
5	7
111	112	54	73	92	
4	5	6	13	14	15	17	
4	9
111	92	54	73	
4	5	6	7	13	14	15	17	18	
21	3
183	193	77	104	47	114	108	66	39	85	40	115	95	96	57	38	19	48	51	76	67	
1	2	11	
12	4
62	100	43	44	63	80	52	42	81	61	90	99	
6	16	17	18	
7	5
62	100	43	44	63	19	81	
5	9	15	16	18	
8	6
62	100	43	44	63	52	81	90	
6	9	15	16	17	18	
6	7
62	100	43	44	63	81	
5	6	9	15	16	17	18	
12	3
62	100	43	80	70	81	51	99	61	108	89	42	
7	10	17	
14	3
62	100	43	80	119	81	51	99	61	108	89	42	74	19	
7	10	16	
10	4
62	100	43	80	119	81	74	99	61	42	
6	7	10	16	
13	4
62	100	43	80	51	81	108	99	61	42	89	90	52	
7	16	17	18	
12	4
62	100	43	80	51	81	108	99	61	42	89	19	
7	10	16	18	
11	5
62	100	43	80	51	81	108	99	61	42	89	
7	10	16	17	18	
10	5
62	100	43	80	52	81	90	99	61	42	
6	7	16	17	18	
8	6
62	100	43	80	42	81	61	99	
6	7	10	16	17	18	
9	4
62	100	43	51	89	81	119	19	108	
7	9	10	16	
10	4
62	100	43	51	89	81	90	19	108	52	
7	9	16	18	
12	4
62	100	43	51	89	81	90	79	108	52	41	60	
7	9	17	18	
9	5
62	100	43	51	89	81	90	52	108	
7	9	16	17	18	
8	5
62	100	43	51	89	81	19	108	
7	9	10	16	18	
7	6
62	100	43	51	89	81	108	
7	9	10	16	17	18	
7	5
62	100	43	90	52	81	19	
7	9	15	16	18	
6	7
62	100	43	90	52	81	
6	7	9	15	16	17	18	
7	3
62	100	43	34	119	81	19	
5	10	16	
6	4
62	100	43	34	19	81	
5	10	15	16	
5	5
62	100	43	34	81	
5	10	15	16	17	
6	4
62	100	43	74	81	19	
7	10	15	16	
5	5
62	100	43	74	81	
6	7	10	15	16	
6	5
62	100	43	19	81	119	
5	7	9	10	16	
5	7
62	100	43	19	81	
5	7	9	10	15	16	18	
5	6
62	100	43	119	81	
5	6	7	9	10	16	
4	9
62	100	43	81	
5	6	7	9	10	15	16	17	18	
14	4
77	39	115	96	47	19	95	38	66	57	104	114	76	85	
1	2	3	11	
13	5
77	39	115	96	47	19	95	38	66	57	104	114	76	
1	2	3	11	14	
11	4
77	39	115	96	47	67	40	38	66	48	104	
1	2	11	13	
8	6
77	39	115	96	47	66	104	38	
1	2	3	11	13	14	
19	3
77	39	115	96	12	19	107	38	95	48	50	40	51	67	57	69	76	108	114	
2	10	11	
14	4
77	39	115	96	12	19	107	38	95	69	50	57	114	76	
2	3	10	11	
12	4
77	39	115	96	12	19	107	108	40	69	50	51	
2	9	10	11	
9	5
77	39	115	96	12	19	107	50	69	
2	3	9	10	11	
11	4
77	39	115	96	12	48	107	50	69	40	67	
0	2	10	11	
9	5
77	39	115	96	12	40	107	50	69	
0	2	9	10	11	
8	6
77	39	115	96	12	69	107	50	
0	2	3	9	10	11	
15	4
77	39	115	96	19	95	57	114	40	38	108	67	76	48	51	
1	2	10	11	
10	6
77	39	115	96	19	95	57	114	76	38	
1	2	3	10	11	14	
8	5
77	39	115	96	19	108	51	40	
1	2	9	10	11	
5	7
77	39	115	96	19	
1	2	3	9	10	11	14	
9	4
77	39	115	96	69	38	40	67	48	
2	10	11	13	
6	5
77	39	115	96	69	38	
2	3	10	11	13	
8	5
77	39	115	96	69	40	67	48	
0	2	10	11	13	
6	6
77	39	115	96	69	40	
0	2	9	10	11	13	
5	7
77	39	115	96	69	
0	2	3	9	10	11	13	
8	5
77	39	115	96	38	40	48	67	
1	2	10	11	13	
5	7
77	39	115	96	38	
1	2	3	10	11	13	14	
7	6
77	39	115	96	40	48	67	
0	1	2	10	11	13	
5	7
77	39	115	96	40	
0	1	2	9	10	11	13	
4	9
77	39	115	96	
0	1	2	3	9	10	11	13	14	
4	3
267	40	112	19	
4	8	12	
3	4
267	19	112	
4	5	8	12	
2	6
74	19	
3	7	10	14	15	16	
20	2
31	90	69	52	19	99	61	42	80	12	107	41	130	108	40	50	117	79	60	51	
8	11	
16	3
31	90	69	52	19	79	117	51	60	12	107	41	130	108	40	50	
8	9	11	
5	7
84	36	93	55	112	
3	4	6	12	13	14	17	
9	2
84	69	12	107	98	108	51	70	50	
2	17	
5	3
84	69	12	107	50	
2	3	17	
2	4
84	69	
2	3	13	17	
6	3
84	117	41	79	60	51	
7	12	17	
2	8
84	112	
3	4	6	12	13	14	15	17	
3	3
84	98	50	
2	15	17	
2	4
84	98	
2	4	15	17	
4	3
84	70	51	108	
2	7	17	
3	3
84	50	51	
2	12	17	
2	5
84	50	
2	3	12	15	17	
2	4
84	51	
2	7	12	17	
17	3
90	51	50	19	108	42	52	12	61	79	99	80	41	60	69	107	40	
8	11	18	
13	4
90	51	50	19	108	69	52	12	60	79	40	107	41	
8	9	11	18	
18	3
90	51	50	63	108	69	52	12	60	79	89	107	41	44	42	80	99	61	
8	17	18	
14	4
90	51	50	63	108	69	52	12	60	79	89	107	41	44	
8	9	17	18	
17	3
90	51	50	117	108	69	52	12	60	79	130	107	41	42	80	99	61	
8	11	17	
13	4
90	51	50	117	108	69	52	12	60	79	130	107	41	
8	9	11	17	
15	4
90	51	50	42	108	69	52	12	60	79	61	107	41	80	99	
8	11	17	18	
11	5
90	51	50	41	108	69	52	12	60	79	107	
8	9	11	17	18	
10	4
90	51	19	41	108	40	52	117	60	79	
1	8	9	11	
9	5
90	51	19	41	108	40	52	79	60	
1	8	9	11	18	
10	4
90	51	19	41	108	289	52	79	60	117	
1	7	9	11	
14	3
90	51	19	41	108	61	52	79	60	117	130	80	42	99	
7	8	11	
12	4
90	51	19	41	108	61	52	79	60	99	42	80	
7	8	11	18	
10	4
90	51	19	41	108	117	52	79	60	130	
7	8	9	11	
9	5
90	51	19	41	108	117	52	79	60	
1	7	8	9	11	
8	6
90	51	19	41	108	60	52	79	
1	7	8	9	11	18	
6	5
90	51	19	109	108	52	
1	7	8	9	16	
8	4
90	51	19	63	108	52	89	44	
8	9	16	18	
10	4
90	51	19	130	108	52	80	99	42	61	
7	8	11	16	
6	5
90	51	19	130	108	52	
7	8	9	11	16	
6	5
90	51	19	89	108	52	
7	8	9	16	18	
9	5
90	51	19	99	108	52	42	61	80	
7	8	11	16	18	
5	7
90	51	19	52	108	
1	7	8	9	11	16	18	
12	4
90	51	41	52	108	42	61	80	60	99	79	89	
7	8	17	18	
13	4
90	51	41	52	108	42	61	80	60	99	79	130	117	
7	8	11	17	
11	5
90	51	41	52	108	42	61	80	60	99	79	
7	8	11	17	18	
8	5
90	51	41	52	108	89	79	60	
7	8	9	17	18	
10	4
90	51	41	52	108	109	79	60	117	70	
1	7	8	17	
9	5
90	51	41	52	108	109	79	60	117	
1	7	8	9	17	
9	5
90	51	41	52	108	130	79	60	117	
7	8	9	11	17	
8	6
90	51	41	52	108	117	79	60	
1	7	8	9	11	17	
7	7
90	51	41	52	108	60	79	
1	7	8	9	11	17	18	
9	5
90	51	42	52	108	61	80	99	130	
7	8	11	16	17	
11	4
90	51	42	52	108	61	80	99	89	44	63	
8	16	17	18	
9	5
90	51	42	52	108	61	80	99	89	
7	8	16	17	18	
8	6
90	51	42	52	108	61	80	99	
7	8	11	16	17	18	
5	6
90	51	130	52	108	
7	8	9	11	16	17	
5	6
90	51	109	52	108	
1	7	8	9	16	17	
7	5
90	51	89	52	108	44	63	
8	9	16	17	18	
5	6
90	51	89	52	108	
7	8	9	16	17	18	
4	8
90	51	108	52	
1	7	8	9	11	16	17	18	
15	3
90	50	69	52	107	41	12	60	117	99	80	61	42	79	40	
0	8	11	
14	4
90	50	69	52	107	41	12	60	117	99	80	61	42	79	
0	8	11	17	
11	4
90	50	69	52	107	41	12	60	117	79	40	
0	8	9	11	
10	5
90	50	69	52	107	41	12	60	117	79	
0	8	9	11	17	
14	4
90	50	69	52	107	41	12	60	99	79	80	40	61	42	
0	8	11	18	
13	5
90	50	69	52	107	41	12	60	99	79	80	42	61	
0	8	11	17	18	
10	5
90	50	69	52	107	41	12	60	40	79	
0	8	9	11	18	
9	6
90	50	69	52	107	41	12	60	79	
0	8	9	11	17	18	
5	4
90	50	130	52	19	
8	9	11	15	
4	5
90	50	130	52	
8	9	11	15	17	
6	4
90	50	44	52	19	63	
8	9	15	18	
5	5
90	50	44	52	63	
8	9	15	17	18	
4	5
90	50	19	52	
8	9	11	15	18	
3	7
90	50	52	
0	8	9	11	15	17	18	
7	5
90	41	52	79	40	60	117	
0	1	8	9	11	
6	6
90	41	52	79	40	60	
0	1	8	9	11	18	
8	5
90	41	52	79	70	60	117	109	
0	1	7	8	17	
10	5
90	41	52	79	99	60	117	80	61	42	
0	7	8	11	17	
9	6
90	41	52	79	99	60	42	80	61	
0	7	8	11	17	18	
7	6
90	41	52	79	117	60	109	
0	1	7	8	9	17	
6	7
90	41	52	79	117	60	
0	1	7	8	9	11	17	
5	8
90	41	52	79	60	
0	1	7	8	9	11	17	18	
7	3
90	104	52	135	47	66	85	
1	6	11	
4	6
90	130	52	19	
7	8	9	11	15	16	
3	7
90	130	52	
7	8	9	11	15	16	17	
7	3
90	135	52	61	42	99	80	
0	6	11	
3	4
90	135	52	
0	1	6	11	
4	6
90	19	52	109	
1	7	8	9	15	16	
5	5
90	19	52	63	44	
8	9	15	16	18	
3	8
90	19	52	
1	7	8	9	11	15	16	18	
8	5
90	42	52	44	63	99	80	61	
6	8	16	17	18	
6	8
90	42	52	61	80	99	
0	6	7	8	11	16	17	18	
4	7
90	44	52	63	
6	8	9	15	16	17	18	
3	9
90	109	52	
0	1	6	7	8	9	15	16	17	
2	11
90	52	
0	1	6	7	8	9	11	15	16	17	18	
13	3
51	108	89	12	70	50	34	69	107	42	99	80	61	
8	10	17	
11	4
51	108	89	12	61	50	80	69	107	42	99	
8	10	17	18	
7	5
51	108	89	12	107	50	69	
8	9	10	17	18	
9	3
51	108	89	19	61	99	34	80	42	
8	10	16	
8	5
51	108	89	19	61	99	42	80	
7	8	10	16	18	
4	6
51	108	89	19	
7	8	9	10	16	18	
8	4
51	108	89	61	99	42	80	34	
8	10	16	17	
8	4
51	108	89	61	99	42	80	70	
7	8	10	17	
7	6
51	108	89	61	99	42	80	
7	8	10	16	17	18	
3	7
51	108	89	
7	8	9	10	16	17	18	
12	4
51	108	107	99	42	80	12	50	61	69	19	40	
8	10	11	18	
10	5
51	108	107	99	42	80	12	50	61	69	
8	10	11	17	18	
7	4
51	108	107	98	69	50	12	
2	9	17	18	
7	4
51	108	107	70	69	50	12	
2	8	10	17	
9	3
51	108	107	40	69	50	12	37	19	
2	11	18	
8	6
51	108	107	40	69	50	12	19	
2	8	9	10	11	18	
6	7
51	108	107	12	69	50	
2	8	9	10	11	17	18	
8	3
51	108	61	99	42	80	289	19	
7	10	11	
7	6
51	108	61	99	42	80	19	
7	8	10	11	16	18	
6	7
51	108	61	99	42	80	
7	8	10	11	16	17	18	
3	6
51	108	70	
1	2	7	8	10	17	
4	5
51	108	289	19	
1	7	9	10	11	
4	4
51	108	37	19	
2	11	16	18	
4	7
51	108	40	19	
1	2	8	9	10	11	18	
3	9
51	108	19	
1	2	7	8	9	10	11	16	18	
2	10
51	108	
1	2	7	8	9	10	11	16	17	18	
3	3
51	112	19	
8	12	16	
7	3
51	112	50	117	79	60	41	
8	12	17	
2	4
51	112	
8	12	16	17	
14	4
51	19	40	104	47	66	48	76	67	95	57	114	38	39	
1	2	11	12	
8	4
51	19	40	41	60	79	117	50	
8	9	11	12	
7	5
51	19	40	41	60	79	117	
1	8	9	11	12	
7	5
51	19	40	41	60	79	50	
8	9	11	12	18	
6	6
51	19	40	41	60	79	
1	8	9	11	12	18	
12	4
51	19	40	48	76	67	50	95	39	57	114	38	
2	10	11	12	
11	5
51	19	40	48	76	67	38	95	39	57	114	
1	2	10	11	12	
5	4
51	19	40	50	37	
2	11	12	18	
5	5
51	19	40	50	39	
2	9	10	11	12	
4	7
51	19	40	50	
2	8	9	10	11	12	18	
4	6
51	19	40	39	
1	2	9	10	11	12	
3	8
51	19	40	
1	2	8	9	10	11	12	18	
6	6
51	19	117	41	79	60	
1	7	8	9	11	12	
3	5
51	19	37	
2	11	12	16	18	
5	7
51	19	41	79	60	
1	7	8	9	11	12	18	
2	10
51	19	
1	2	7	8	9	10	11	12	16	18	
6	5
51	50	79	60	41	117	
8	9	11	12	17	
5	6
51	50	79	60	41	
8	9	11	12	17	18	
2	8
51	50	
2	8	9	10	11	12	17	18	
5	7
51	79	60	41	117	
1	7	8	9	11	12	17	
4	8
51	79	60	41	
1	7	8	9	11	12	17	18	
3	3
34	19	50	
8	10	15	
2	6
34	19	
5	8	10	14	15	16	
2	4
34	50	
8	10	15	17	
4	3
20	289	19	134	
1	4	7	
2	4
20	19	
1	3	4	7	
7	3
50	19	45	64	83	102	112	
3	8	15	
3	4
50	19	45	
3	8	15	18	
8	5
50	19	39	57	114	95	76	38	
2	3	10	11	12	
3	6
50	19	39	
2	3	9	10	11	12	
6	4
50	19	37	69	12	107	
2	3	11	18	
4	3
50	19	37	98	
2	15	18	
3	6
50	19	37	
2	3	11	12	15	18	
5	7
50	19	107	12	69	
2	3	8	9	10	11	18	
3	4
50	19	98	
2	9	15	18	
3	4
50	19	112	
3	8	12	15	
7	6
50	19	57	114	95	76	38	
2	3	10	11	12	15	
2	9
50	19	
2	3	8	9	10	11	12	15	18	
5	5
50	48	67	40	39	
0	2	10	11	12	
9	4
50	70	61	99	69	107	12	42	80	
0	8	10	17	
5	5
50	70	12	107	69	
0	2	8	10	17	
2	5
50	98	
2	9	15	17	18	
5	3
50	12	112	69	107	
3	8	17	
9	5
50	12	61	69	107	40	80	99	42	
0	8	10	11	18	
8	6
50	12	61	69	107	42	80	99	
0	8	10	11	17	18	
5	7
50	12	40	69	107	
0	2	8	9	10	11	18	
4	9
50	12	107	69	
0	2	3	8	9	10	11	17	18	
2	5
50	112	
3	8	12	15	17	
3	6
50	39	40	
0	2	9	10	11	12	
2	7
50	39	
0	2	3	9	10	11	12	
6	5
50	40	79	60	41	117	
0	8	9	11	12	
5	6
50	40	79	60	41	
0	8	9	11	12	18	
2	8
50	40	
0	2	8	9	10	11	12	18	
5	6
50	79	60	41	117	
0	8	9	11	12	17	
4	7
50	79	60	41	
0	8	9	11	12	17	18	
2	7
19	130	
5	7	8	9	11	15	16	
5	3
19	40	44	63	45	
4	8	18	
4	4
19	40	44	63	
4	8	9	18	
13	3
19	40	95	48	134	85	88	38	105	114	57	67	76	
1	2	4	
10	4
19	40	95	48	134	76	67	38	57	114	
1	2	4	12	
10	4
19	40	95	48	85	76	67	38	57	114	
1	2	4	11	
10	4
19	40	95	48	105	76	67	38	57	114	
1	2	4	10	
9	6
19	40	95	48	114	76	67	38	57	
1	2	4	10	11	12	
4	3
19	40	37	98	
2	4	18	
3	5
19	40	37	
2	4	11	12	18	
4	3
19	40	6	88	
1	4	8	
3	4
19	40	6	
1	4	8	9	
3	4
19	40	88	
1	2	4	8	
3	4
19	40	98	
2	4	9	18	
2	9
19	40	
1	2	4	8	9	10	11	12	18	
5	5
19	44	63	45	37	
4	5	15	16	18	
4	7
19	44	63	45	
4	5	8	14	15	16	18	
3	8
19	44	63	
4	5	8	9	14	15	16	18	
3	4
19	98	37	
2	4	15	18	
2	5
19	98	
2	4	9	15	18	
2	6
19	289	
1	4	7	9	10	11	
3	6
19	37	45	
3	4	5	15	16	18	
2	9
19	37	
2	3	4	5	11	12	15	16	18	
10	6
19	39	47	104	57	114	66	38	76	95	
1	2	3	11	12	14	
7	7
19	39	95	76	57	114	38	
1	2	3	10	11	12	14	
2	8
19	39	
1	2	3	9	10	11	12	14	
8	3
19	296	295	57	114	38	76	95	
1	2	15	
8	3
19	210	64	83	102	45	88	112	
3	4	8	
7	4
19	210	64	83	102	45	112	
3	4	8	16	
6	5
19	210	64	83	102	45	
3	4	7	8	16	
7	4
19	295	114	95	38	76	57	
1	2	14	15	
7	4
19	64	83	102	45	112	88	
3	4	5	8	
6	7
19	64	83	102	45	112	
3	4	5	8	14	15	16	
5	8
19	64	83	102	45	
3	4	5	7	8	14	15	16	
8	4
19	114	95	38	76	57	88	85	
1	2	3	4	
7	5
19	114	95	38	76	57	85	
1	2	3	4	11	
6	9
19	114	95	38	76	57	
1	2	3	4	10	11	12	14	15	
2	9
19	45	
3	4	5	7	8	14	15	16	18	
8	3
19	134	67	48	105	85	6	88	
1	4	5	
7	4
19	134	67	48	105	85	88	
1	2	4	5	
4	5
19	134	67	48	
1	2	4	5	12	
2	6
19	134	
1	2	4	5	7	12	
7	4
19	47	48	66	104	85	67	
1	2	5	11	
6	5
19	47	48	66	104	67	
1	2	5	11	12	
5	5
19	47	85	66	104	
1	2	3	5	11	
4	7
19	47	104	66	
1	2	3	5	11	12	14	
4	5
19	48	67	105	
1	2	4	5	10	
4	5
19	48	67	85	
1	2	4	5	11	
3	7
19	48	67	
1	2	4	5	10	11	12	
3	4
19	88	6	
1	4	5	8	
3	5
19	88	85	
1	2	3	4	5	
2	6
19	88	
1	2	3	4	5	8	
2	6
19	6	
1	4	5	8	9	14	
2	8
19	112	
3	4	5	8	12	14	15	16	
2	6
19	85	
1	2	3	4	5	11	
4	3
85	6	135	88	
1	4	6	
3	4
85	6	88	
1	4	5	6	
5	4
85	104	66	135	47	
1	3	6	11	
4	6
85	104	66	47	
1	2	3	5	6	11	
3	4
85	88	135	
1	3	4	6	
2	6
85	88	
1	2	3	4	5	6	
2	5
85	135	
1	3	4	6	11	
8	5
38	39	48	47	66	104	40	67	
1	2	11	12	13	
5	6
38	39	48	67	40	
1	2	10	11	12	13	
5	7
38	39	104	66	47	
1	2	3	11	12	13	14	
2	8
38	39	
1	2	3	10	11	12	13	14	
5	5
38	48	67	105	40	
1	2	4	10	13	
4	7
38	48	67	40	
1	2	4	10	11	12	13	
2	4
38	296	
1	2	13	15	
2	5
135	88	
0	1	3	4	6	
3	4
37	40	69	
2	11	13	18	
2	6
37	40	
2	4	11	12	13	18	
2	5
37	69	
2	3	11	13	18	
2	7
37	45	
3	4	5	13	15	16	18	
4	7
39	40	67	48	
0	1	2	10	11	12	13	
2	8
39	40	
0	1	2	9	10	11	12	13	
4	9
112	93	36	55	
3	4	5	6	12	13	14	16	17	
2	4
112	69	
3	8	13	17	
7	3
112	64	210	102	83	45	40	
4	8	13	
6	5
112	64	210	102	83	45	
3	4	8	13	16	
5	8
112	64	45	102	83	
3	4	5	8	13	14	15	16	
2	4
112	40	
4	8	12	13	
2	5
112	88	
3	4	5	6	8	
2	5
6	88	
1	4	5	6	8	
5	4
88	105	67	48	40	
0	1	2	4	
4	5
88	105	67	48	
0	1	2	4	5	
2	5
88	40	
0	1	2	4	8	
5	6
66	47	104	67	48	
1	2	5	11	12	13	
3	9
66	47	104	
1	2	3	5	6	11	12	13	14	
5	6
40	60	117	79	41	
0	1	8	9	11	12	
4	7
40	60	41	79	
0	1	8	9	11	12	18	
4	6
40	67	48	105	
0	1	2	4	10	13	
3	8
40	67	48	
0	1	2	4	10	11	12	13	
2	8
40	69	
0	2	8	9	10	11	13	18	
2	4
40	45	
4	8	13	18	
5	5
70	99	80	61	42	
0	7	8	10	17	
5	6
45	102	64	210	83	
3	4	7	8	13	16	
4	9
45	102	64	83	
3	4	5	7	8	13	14	15	16	
2	10
63	44	
4	5	6	8	9	14	15	16	17	18	
4	9
61	80	99	42	
0	6	7	8	10	11	16	17	18	
4	8
60	41	117	79	
0	1	7	8	9	11	12	17	
3	9
60	41	79	
0	1	7	8	9	11	12	17	18	
3	7
48	105	67	
0	1	2	4	5	10	13	
2	9
48	67	
0	1	2	4	5	10	11	12	13	
