6643	108
10230	108
1207	108
12507	108
13011	108
12847	108
3517	108
7009	108
9284	108
13257	108
3501	108
14585	108
7554	108
13651	108
12054	108
11648	108
5704	108
9181	108
6250	108
14376	108
8767	108
10982	108
6880	108
12059	108
11	108
7010	108
11607	108
1557	108
8464	108
5780	108
4751	108
919	108
7637	108
9384	108
13072	108
9924	108
7408	108
4587	108
8211	108
2658	108
7534	108
13912	108
12070	108
7902	108
7761	108
10727	108
710	108
15050	108
5011	108
11719	108
5217	108
1685	108
11863	108
10678	108
12407	108
1616	108
10948	108
2544	108
182	108
8368	108
14576	108
10894	108
8112	108
7634	108
14685	108
1954	108
1801	108
11427	108
7031	108
11693	108
12879	108
3500	108
902	108
917	108
11777	108
9794	108
14295	108
11668	108
8424	108
10340	108
11042	108
1955	108
13599	108
4609	108
10160	108
14487	108
11597	108
7167	108
10958	108
12791	108
3549	108
402	108
5	108
14287	108
11725	108
1961	108
3603	108
13795	108
11512	108
7082	108
14953	108
6182	108
9850	108
12159	108
5552	108
12676	108
2860	108
1553	108
3635	108
7369	108
11093	108
1636	108
7415	108
193	108
3705	108
4923	108
687	108
9354	108
1651	108
10588	108
4299	108
5323	108
3933	108
13873	108
3585	108
14510	108
9354	110
8816	110
12233	110
8755	110
3517	110
10982	110
2722	110
3501	110
13599	110
6932	110
4288	110
5701	110
8767	110
11378	110
10731	110
7010	110
723	110
11	110
9384	110
12847	110
8211	110
2658	110
7534	110
13912	110
7902	110
12070	110
7761	110
10727	110
710	110
15050	110
5011	110
11719	110
5217	110
1685	110
11863	110
10678	110
1616	110
12407	110
10948	110
2544	110
182	110
8368	110
14576	110
12343	110
1420	110
11792	110
5746	110
8112	110
7634	110
14685	110
1954	110
6272	110
11427	110
7031	110
11693	110
12879	110
3500	110
902	110
917	110
9794	110
14295	110
11668	110
875	110
1149	110
10340	110
11042	110
1955	110
4609	110
1801	110
10160	110
14487	110
2880	110
6853	110
11777	110
11597	110
7167	110
10958	110
12791	110
402	110
5	110
12159	110
9474	110
11725	110
4053	110
13651	110
1961	110
3603	110
13795	110
11512	110
7082	110
14953	110
6182	110
9850	110
7554	110
5552	110
12676	110
2860	110
1553	110
3635	110
7369	110
11093	110
9184	110
7415	110
193	110
3705	110
4923	110
687	110
10588	110
1651	110
4299	110
5323	110
3933	110
13873	110
14510	110
11427	497
8211	497
2658	497
13912	497
7534	497
12070	497
7902	497
8767	497
7761	497
10727	497
15050	497
710	497
5011	497
11719	497
5217	497
1685	497
11863	497
10678	497
12407	497
1616	497
7527	497
10948	497
2544	497
182	497
8368	497
14576	497
8112	497
7634	497
14685	497
1954	497
3517	497
7031	497
11693	497
12879	497
3500	497
902	497
917	497
9794	497
14295	497
11668	497
10340	497
11042	497
1955	497
13599	497
4609	497
1801	497
10160	497
14487	497
11597	497
7167	497
10958	497
12791	497
402	497
5	497
11725	497
13651	497
1961	497
3603	497
13795	497
875	497
1149	497
11512	497
7082	497
14953	497
6182	497
7010	497
9850	497
1553	497
7554	497
5552	497
12676	497
2860	497
3635	497
7369	497
11093	497
7415	497
193	497
3705	497
4923	497
687	497
9354	497
1651	497
10588	497
4299	497
5323	497
3933	497
13873	497
14510	497
5556	1392
3517	1392
13599	1392
14658	1392
4213	1392
1063	1392
13017	1392
2407	1392
12290	1392
9858	1392
7735	1392
6932	1392
4216	1392
12576	1392
9091	1392
13551	1392
10957	1392
4872	1392
3272	1392
10230	1392
5214	1392
869	1392
2996	1392
2482	1392
7373	1392
5431	1392
12407	1392
11215	1392
9384	1392
917	1392
5256	1392
6703	1392
7037	1392
1557	1392
1636	1392
2438	1392
8464	1392
12893	1392
4587	1392
1954	1392
4394	1392
14579	1392
6643	1392
12624	1392
1420	1392
6833	1392
2791	1392
5217	1392
12237	1392
6880	1392
2647	1392
13029	1392
7408	1392
1198	1392
5994	1392
8211	1392
2658	1392
14385	1392
11427	1392
1616	1392
6695	1392
7031	1392
7534	1392
13912	1392
12070	1392
7902	1392
8767	1392
1553	1392
1955	1392
7377	1392
7761	1392
9555	1392
12365	1392
7250	1392
10727	1392
11003	1392
9850	1392
10259	1392
828	1392
710	1392
15050	1392
1791	1392
5011	1392
11719	1392
10982	1392
14144	1392
2516	1392
13218	1392
8424	1392
12287	1392
1685	1392
8538	1392
10678	1392
11863	1392
10948	1392
2544	1392
4090	1392
182	1392
8368	1392
4844	1392
10366	1392
13584	1392
3297	1392
14576	1392
13187	1392
12851	1392
11593	1392
1492	1392
8112	1392
8109	1392
142	1392
4215	1392
11777	1392
11649	1392
9343	1392
7634	1392
14685	1392
12761	1392
11693	1392
12879	1392
3500	1392
902	1392
14839	1392
82	1392
161	1392
10571	1392
11602	1392
11792	1392
10340	1392
12396	1392
9794	1392
3696	1392
4035	1392
14295	1392
5375	1392
11668	1392
11042	1392
7780	1392
9043	1392
14196	1392
2492	1392
746	1392
4609	1392
7922	1392
1801	1392
10160	1392
14487	1392
11597	1392
12024	1392
9596	1392
7167	1392
10958	1392
12791	1392
6182	1392
10975	1392
12737	1392
8284	1392
402	1392
5	1392
9474	1392
11	1392
2429	1392
11725	1392
3779	1392
13651	1392
713	1392
11438	1392
1961	1392
3603	1392
13795	1392
5115	1392
11066	1392
12896	1392
5574	1392
11512	1392
3568	1392
7082	1392
14953	1392
7010	1392
13792	1392
12107	1392
13537	1392
7554	1392
5552	1392
512	1392
7636	1392
12676	1392
2860	1392
4037	1392
3635	1392
12452	1392
7369	1392
14956	1392
11093	1392
3206	1392
3002	1392
9434	1392
6894	1392
2858	1392
6963	1392
5746	1392
7415	1392
3656	1392
193	1392
3705	1392
4923	1392
687	1392
9354	1392
10588	1392
1651	1392
3707	1392
1046	1392
12739	1392
4299	1392
974	1392
13342	1392
3742	1392
12478	1392
3492	1392
5323	1392
3933	1392
13873	1392
14510	1392
14531	1392
14390	1392
4035	1859
10205	1859
204	1859
4381	1859
13935	1859
10448	1859
8767	1859
3517	1859
3419	1859
7916	1859
10994	1859
13599	1859
13019	1859
13011	1859
13310	1859
11146	1859
10014	1859
12357	1859
502	1859
12407	1859
954	1859
7987	1859
3791	1859
10230	1859
1420	1859
875	1859
3438	1859
10259	1859
11427	1859
11479	1859
10497	1859
7515	1859
6932	1859
6272	1859
5398	1859
6833	1859
4616	1859
11836	1859
7719	1859
10862	1859
1585	1859
13187	1859
1149	1859
9802	1859
13639	1859
12554	1859
11602	1859
15050	1859
710	1859
8368	1859
13218	1859
6643	1859
11863	1859
10678	1859
5574	1859
12734	1859
7527	1859
873	1859
2308	1859
2860	1859
12960	1859
10223	1859
10660	1859
6488	1859
243	1859
6106	1859
5660	1859
310	1859
7843	1859
14495	1859
13342	1859
10366	1859
4844	1859
10094	1859
12159	1859
5948	1859
6714	1859
11126	1859
2038	1859
7369	1859
13671	1859
5	1859
5383	1859
13210	1859
11533	1859
11792	1859
8731	1859
11	1859
2429	1859
9474	1859
7833	1859
5746	1859
11719	1859
15086	1859
11839	1859
13278	1859
5214	1859
10982	1859
8790	1859
9398	1859
5434	1859
13865	1859
877	1859
4875	1859
9549	1859
12858	1859
14613	1859
5649	1859
6472	1859
12708	1859
8424	1859
3705	1859
13687	1859
7071	1859
10978	1859
12708	3052
11146	3052
12607	3052
4985	3052
589	3052
10091	3052
8368	3052
7464	3052
9764	3052
5574	3052
3419	3052
11792	3052
1420	3052
12239	3052
3845	3052
12051	3052
2131	3052
15026	3052
13127	3052
5	3052
4333	3052
6106	3052
10588	3052
1651	3052
6863	3052
5528	3052
10340	3052
997	3052
7656	3052
875	3052
1149	3052
2452	3052
11896	3052
11953	3052
828	3052
8800	3052
11588	3052
5990	3052
3903	3052
10094	3052
14903	3052
2860	3052
11359	3052
917	3052
12136	3052
8118	3052
10259	3052
1961	3052
12791	3052
989	3052
9262	3052
8693	3052
12407	3052
1616	3052
7613	3052
2709	3052
10257	3052
4067	3052
8570	3052
14500	3052
12237	3052
7762	3052
12070	3052
5011	3052
7408	3052
3810	3052
8095	3052
1492	3052
10571	3052
310	3052
11126	3052
11597	3052
6170	3052
7987	3052
9565	3052
6932	3052
4104	3052
5706	3052
9271	3052
2033	3052
6760	3052
12034	3052
3259	3052
13314	3052
337	3052
1557	4035
8767	4035
14201	4035
4616	4035
1784	4035
13599	4035
3517	4035
3438	4035
13019	4035
2521	4035
9748	4035
10757	4035
4381	4035
1912	4035
5367	4035
8731	4035
12237	4035
6347	4035
1723	4035
10180	4035
3372	4035
12085	4035
12159	4035
9052	4035
5	4035
162	4035
5660	4035
7843	4035
3649	4627
8686	4627
5328	4627
13599	4627
10230	4627
12237	4627
8424	4627
5214	4627
1420	4627
1102	4627
6988	4627
12960	4627
873	4627
9797	4627
3886	4627
11067	4627
5586	4627
875	4627
7762	4627
10448	4627
1149	4627
6272	4627
8767	4627
11602	4627
13054	4627
1492	4627
11863	4627
10678	4627
652	4627
9153	4627
2798	4627
4142	4627
10632	4627
6633	4627
5606	4627
8884	4627
10862	4627
10982	4627
14166	4627
5	4627
13217	4627
11813	4627
13671	4627
8368	4627
9509	4627
9153	4635
7637	4635
1102	4635
4469	4635
10259	4635
13599	4635
11602	4635
5655	4635
10029	4635
6880	4635
11146	4635
9474	4635
3649	4635
2798	4635
13750	4635
8767	4635
4272	4635
828	4635
10448	4635
5	4635
1723	4635
4903	4635
11465	4823
11863	4823
710	4823
7408	4823
8211	4823
2658	4823
13912	4823
7534	4823
7902	4823
12070	4823
7761	4823
8767	4823
10727	4823
15050	4823
5011	4823
11719	4823
5217	4823
1685	4823
10678	4823
1616	4823
12407	4823
10948	4823
2544	4823
182	4823
8368	4823
14576	4823
8112	4823
7634	4823
14685	4823
1954	4823
3517	4823
11427	4823
7031	4823
11693	4823
12879	4823
3500	4823
902	4823
917	4823
13671	4823
9794	4823
14295	4823
11668	4823
10340	4823
11042	4823
1955	4823
13599	4823
4609	4823
1801	4823
10160	4823
14487	4823
11597	4823
7167	4823
10958	4823
12791	4823
402	4823
5	4823
11725	4823
13651	4823
1961	4823
11813	4823
10259	4823
3603	4823
13795	4823
11512	4823
7082	4823
14953	4823
6182	4823
7010	4823
9850	4823
7554	4823
5552	4823
12676	4823
2860	4823
1553	4823
3635	4823
7369	4823
11093	4823
4497	4823
4081	4823
7415	4823
193	4823
3705	4823
4923	4823
687	4823
9354	4823
1651	4823
10588	4823
4299	4823
828	4823
3933	4823
5323	4823
13873	4823
14510	4823
11544	4823
5988	4823
2647	6317
12237	6317
10994	6317
7408	6317
8211	6317
2658	6317
7534	6317
13912	6317
7902	6317
12070	6317
7761	6317
8767	6317
10727	6317
710	6317
15050	6317
5011	6317
11719	6317
2970	6317
182	6317
5217	6317
1685	6317
10678	6317
11863	6317
1616	6317
12407	6317
10948	6317
2544	6317
8368	6317
14576	6317
11777	6317
10340	6317
873	6317
12960	6317
8112	6317
7634	6317
14685	6317
1954	6317
1651	6317
10588	6317
3517	6317
11427	6317
7031	6317
4650	6317
11693	6317
12879	6317
3500	6317
902	6317
917	6317
11953	6317
9794	6317
14295	6317
11668	6317
11042	6317
1955	6317
13599	6317
4609	6317
1801	6317
10160	6317
14487	6317
11597	6317
7167	6317
10773	6317
6920	6317
11802	6317
10958	6317
7843	6317
6583	6317
5660	6317
8769	6317
12791	6317
402	6317
5	6317
11725	6317
13651	6317
1961	6317
3603	6317
13795	6317
11512	6317
7082	6317
14953	6317
6182	6317
7010	6317
9850	6317
7554	6317
5552	6317
5574	6317
7250	6317
4234	6317
12136	6317
13132	6317
12676	6317
2860	6317
1553	6317
3635	6317
7369	6317
5990	6317
11093	6317
7415	6317
193	6317
5328	6317
3705	6317
4923	6317
687	6317
9354	6317
4299	6317
3933	6317
5323	6317
13873	6317
14510	6317
2696	7412
12070	7412
7534	7412
12542	7412
10304	7412
12452	7412
184	7412
14956	7412
7738	7412
11427	7412
7408	7412
8211	7412
2658	7412
13912	7412
7902	7412
7761	7412
8767	7412
10727	7412
710	7412
15050	7412
5011	7412
11719	7412
5217	7412
1685	7412
10678	7412
11863	7412
12407	7412
1616	7412
10948	7412
2544	7412
182	7412
8368	7412
14576	7412
8112	7412
9343	7412
7634	7412
14685	7412
1954	7412
3517	7412
2371	7412
7031	7412
11693	7412
12879	7412
3500	7412
902	7412
917	7412
9794	7412
14295	7412
11668	7412
13568	7412
8424	7412
10340	7412
11042	7412
11792	7412
1420	7412
1955	7412
13599	7412
4609	7412
4951	7412
14672	7412
7922	7412
1801	7412
12761	7412
10160	7412
5660	7412
6182	7412
12142	7412
14487	7412
6541	7412
431	7412
11597	7412
7167	7412
9043	7412
1198	7412
10958	7412
12791	7412
3903	7412
402	7412
5	7412
11725	7412
13651	7412
1961	7412
3603	7412
13795	7412
11512	7412
7082	7412
14953	7412
7010	7412
9850	7412
7554	7412
5552	7412
12676	7412
2860	7412
1553	7412
3635	7412
7369	7412
7377	7412
12159	7412
2986	7412
12858	7412
777	7412
8276	7412
11093	7412
606	7412
10059	7412
7415	7412
9479	7412
193	7412
3705	7412
4923	7412
687	7412
9354	7412
310	7412
1651	7412
10588	7412
4299	7412
989	7412
5323	7412
3933	7412
13873	7412
14510	7412
11839	8394
4072	8394
7408	8394
10259	8394
7636	8394
8424	8394
12708	8394
11146	8394
12607	8394
4985	8394
589	8394
10091	8394
8368	8394
7464	8394
5574	8394
9764	8394
3419	8394
1420	8394
11792	8394
12239	8394
3845	8394
12051	8394
2131	8394
15026	8394
13127	8394
5	8394
4333	8394
6106	8394
10588	8394
1651	8394
6863	8394
5528	8394
10340	8394
997	8394
7656	8394
1149	8394
875	8394
2452	8394
12960	8394
7250	8394
13912	8394
4234	8394
11649	8394
7534	8394
10796	8394
11896	8394
11953	8394
828	8394
8800	8394
11588	8394
5990	8394
3903	8394
10094	8394
14903	8394
2860	8394
11359	8394
917	8394
12136	8394
8118	8394
1961	8394
989	8394
12791	8394
9262	8394
8693	8394
12407	8394
1616	8394
7613	8394
2709	8394
10257	8394
4067	8394
8570	8394
14500	8394
12237	8394
7762	8394
12070	8394
5011	8394
3810	8394
8095	8394
1492	8394
10571	8394
310	8394
11126	8394
11597	8394
6170	8394
7987	8394
9565	8394
13326	8394
6760	8394
12034	8394
6932	8394
4104	8394
9271	8394
5706	8394
2033	8394
3259	8394
13314	8394
337	8394
2658	10810
11427	10810
3347	10810
1492	10810
12070	10810
8211	10810
7534	10810
13912	10810
7902	10810
7761	10810
8767	10810
10727	10810
15050	10810
710	10810
5011	10810
11719	10810
5217	10810
1685	10810
10678	10810
11863	10810
12407	10810
1616	10810
10948	10810
2544	10810
182	10810
867	10810
12537	10810
8368	10810
14576	10810
8112	10810
10366	10810
7634	10810
14685	10810
1954	10810
3517	10810
7031	10810
11693	10810
12879	10810
3500	10810
902	10810
917	10810
9794	10810
14295	10810
11668	10810
8424	10810
10340	10810
12365	10810
11042	10810
1553	10810
14488	10810
1955	10810
989	10810
12791	10810
6285	10810
13599	10810
4609	10810
1801	10810
10160	10810
14487	10810
11597	10810
7167	10810
10958	10810
828	10810
9509	10810
141	10810
7377	10810
13619	10810
11602	10810
402	10810
5	10810
8052	10810
3639	10810
11792	10810
1420	10810
11725	10810
713	10810
13651	10810
13187	10810
7250	10810
14385	10810
1198	10810
4147	10810
1961	10810
7879	10810
3603	10810
13795	10810
12960	10810
873	10810
13117	10810
12111	10810
13687	10810
11512	10810
7082	10810
14953	10810
6182	10810
7010	10810
9850	10810
12237	10810
12061	10810
1979	10810
5183	10810
7554	10810
5552	10810
8105	10810
1651	10810
2016	10810
14982	10810
12737	10810
8284	10810
12676	10810
2860	10810
3635	10810
13780	10810
4844	10810
3790	10810
12142	10810
7369	10810
4923	10810
5761	10810
1046	10810
2386	10810
12107	10810
13792	10810
9930	10810
11093	10810
10588	10810
14222	10810
8109	10810
11003	10810
13724	10810
14059	10810
7712	10810
2783	10810
7415	10810
4650	10810
869	10810
14152	10810
193	10810
3705	10810
9976	10810
6821	10810
687	10810
11482	10810
10687	10810
4234	10810
14323	10810
9860	10810
12929	10810
4016	10810
9354	10810
9429	10810
6653	10810
4299	10810
8060	10810
3933	10810
5323	10810
13873	10810
14510	10810
5990	10844
7971	10844
392	10844
1493	10844
10479	10844
917	10844
8008	10844
3540	10844
15015	10844
8464	10844
2438	10844
9018	10844
8211	10844
2658	10844
7534	10844
13912	10844
12070	10844
7902	10844
7761	10844
8767	10844
10727	10844
710	10844
15050	10844
5011	10844
11719	10844
5217	10844
1685	10844
10678	10844
11863	10844
12407	10844
1616	10844
10948	10844
2544	10844
182	10844
8368	10844
14576	10844
8112	10844
11002	10844
7634	10844
14685	10844
1954	10844
3517	10844
11427	10844
13132	10844
7031	10844
11693	10844
12879	10844
10514	10844
10810	10844
3500	10844
902	10844
3394	10844
9794	10844
14295	10844
11668	10844
10340	10844
11042	10844
1955	10844
13599	10844
4609	10844
1801	10844
10160	10844
14487	10844
11597	10844
7167	10844
10958	10844
12791	10844
402	10844
5	10844
11725	10844
13651	10844
1961	10844
3603	10844
12237	10844
13795	10844
873	10844
12960	10844
11512	10844
7082	10844
14953	10844
6182	10844
7010	10844
9850	10844
7554	10844
5552	10844
12676	10844
2860	10844
1553	10844
3635	10844
7369	10844
11093	10844
7415	10844
193	10844
3705	10844
4923	10844
687	10844
9354	10844
10588	10844
1651	10844
4299	10844
5323	10844
3933	10844
13873	10844
14510	10844
3187	12260
5	12260
13599	12260
8767	12260
13771	12868
11602	12868
2658	12868
5	12868
3187	15159
10230	15159
12669	15159
8767	15159
12159	15159
5	15159
