0 0
0 4
0 6
0 7
0 8
0 9
0 12
0 15
0 17
0 20
0 25
0 26
0 27
0 29
0 35
0 36
0 40
0 41
0 45
0 47
0 48
0 50
0 52
0 53
0 56
0 58
0 60
0 62
0 63
0 64
0 65
0 66
0 68
0 70
0 73
0 74
0 77
0 80
0 81
0 82
0 87
0 88
0 90
0 92
0 93
0 97
0 102
0 103
0 104
0 106
0 107
0 109
0 110
0 116
0 118
0 119
0 125
0 128
0 133
0 134
0 135
0 140
0 144
0 150
0 153
0 154
0 155
0 156
0 158
0 159
0 160
0 161
0 162
0 163
0 164
0 165
0 167
0 169
0 170
0 175
0 179
0 181
0 182
0 189
0 193
0 195
0 201
0 202
0 203
0 205
0 211
0 216
0 219
0 221
0 223
0 224
0 226
0 227
0 229
0 231
0 232
0 236
0 237
0 239
0 240
0 241
0 242
0 247
0 252
0 254
0 257
0 258
0 259
0 260
0 263
0 266
0 268
0 270
0 272
0 273
0 276
0 278
0 279
0 280
0 282
0 286
0 288
0 289
0 290
0 292
0 294
0 295
0 302
0 309
0 311
0 313
0 314
0 317
0 319
0 320
0 321
0 323
0 326
0 327
0 329
0 332
0 338
0 340
0 343
0 345
0 346
0 349
0 350
0 352
0 356
0 357
0 358
0 363
0 375
0 379
0 381
0 389
0 395
0 397
0 399
0 400
0 401
0 404
0 406
0 410
0 412
0 419
0 421
0 424
0 426
0 427
0 431
0 432
0 434
0 438
0 444
0 449
0 452
0 454
0 461
0 471
0 490
0 500
0 502
0 503
0 513
0 519
0 531
0 547
0 553
0 565
1 47
1 65
1 68
1 89
1 97
1 108
1 122
1 152
1 159
1 160
1 161
1 164
1 165
1 171
1 188
1 201
1 204
1 325
1 337
1 349
1 445
1 469
1 567
2 2
2 3
2 4
2 7
2 8
2 9
2 12
2 13
2 16
2 17
2 18
2 19
2 20
2 23
2 24
2 26
2 27
2 28
2 29
2 33
2 35
2 37
2 38
2 39
2 41
2 42
2 43
2 44
2 45
2 46
2 47
2 48
2 50
2 56
2 57
2 58
2 59
2 60
2 61
2 62
2 63
2 64
2 65
2 66
2 67
2 68
2 74
2 75
2 77
2 79
2 80
2 82
2 83
2 85
2 87
2 88
2 89
2 90
2 95
2 96
2 97
2 98
2 99
2 100
2 103
2 104
2 105
2 106
2 107
2 108
2 109
2 110
2 112
2 113
2 115
2 117
2 121
2 122
2 123
2 124
2 125
2 127
2 129
2 130
2 132
2 133
2 134
2 135
2 136
2 137
2 139
2 141
2 143
2 146
2 147
2 149
2 150
2 151
2 152
2 153
2 154
2 156
2 157
2 158
2 159
2 160
2 161
2 162
2 163
2 164
2 167
2 168
2 169
2 170
2 171
2 172
2 174
2 175
2 176
2 177
2 179
2 181
2 182
2 184
2 185
2 186
2 187
2 188
2 189
2 190
2 191
2 192
2 194
2 195
2 197
2 200
2 201
2 202
2 203
2 204
2 205
2 206
2 209
2 210
2 211
2 212
2 213
2 214
2 216
2 217
2 219
2 221
2 224
2 225
2 226
2 227
2 230
2 233
2 234
2 235
2 236
2 237
2 238
2 239
2 240
2 241
2 245
2 246
2 250
2 252
2 253
2 255
2 256
2 257
2 262
2 264
2 265
2 266
2 270
2 271
2 273
2 274
2 275
2 276
2 278
2 280
2 285
2 286
2 287
2 290
2 293
2 294
2 296
2 297
2 298
2 299
2 300
2 301
2 302
2 303
2 304
2 305
2 306
2 309
2 311
2 312
2 314
2 315
2 318
2 319
2 322
2 324
2 326
2 327
2 328
2 329
2 330
2 331
2 332
2 333
2 334
2 335
2 336
2 337
2 338
2 340
2 342
2 347
2 348
2 349
2 350
2 355
2 356
2 358
2 359
2 364
2 371
2 372
2 373
2 376
2 379
2 382
2 383
2 384
2 391
2 394
2 395
2 396
2 397
2 398
2 399
2 402
2 403
2 405
2 407
2 410
2 412
2 416
2 417
2 421
2 422
2 424
2 425
2 427
2 428
2 431
2 437
2 442
2 444
2 447
2 448
2 449
2 450
2 452
2 454
2 455
2 458
2 459
2 461
2 464
2 468
2 469
2 472
2 483
2 488
2 489
2 490
2 491
2 494
2 496
2 498
2 501
2 503
2 508
2 511
2 514
2 515
2 519
2 521
2 527
2 534
2 535
2 538
2 542
2 546
2 556
2 558
2 566
3 18
3 23
3 86
3 104
3 111
3 136
3 164
3 206
3 264
3 329
3 401
3 465
3 565
4 12
4 43
4 65
4 102
4 109
4 135
4 149
4 155
4 156
4 159
4 162
4 168
4 250
4 266
4 288
4 310
4 325
4 334
4 487
4 564
4 565
5 0
5 4
5 6
5 8
5 9
5 10
5 11
5 15
5 16
5 17
5 18
5 20
5 21
5 23
5 24
5 25
5 26
5 28
5 29
5 30
5 31
5 32
5 33
5 34
5 35
5 36
5 38
5 39
5 40
5 41
5 42
5 43
5 44
5 45
5 46
5 48
5 51
5 52
5 57
5 58
5 60
5 61
5 64
5 65
5 67
5 68
5 72
5 73
5 74
5 75
5 76
5 77
5 79
5 80
5 82
5 84
5 85
5 87
5 88
5 89
5 92
5 93
5 96
5 97
5 98
5 101
5 102
5 104
5 105
5 106
5 107
5 108
5 110
5 112
5 113
5 114
5 115
5 118
5 119
5 120
5 128
5 129
5 131
5 132
5 133
5 134
5 135
5 140
5 141
5 146
5 147
5 148
5 149
5 150
5 154
5 155
5 156
5 157
5 158
5 159
5 161
5 162
5 164
5 165
5 169
5 171
5 172
5 176
5 177
5 179
5 180
5 183
5 184
5 185
5 189
5 190
5 191
5 192
5 194
5 196
5 198
5 200
5 203
5 206
5 207
5 211
5 213
5 214
5 216
5 218
5 220
5 222
5 224
5 225
5 231
5 232
5 233
5 234
5 235
5 237
5 238
5 242
5 249
5 250
5 251
5 252
5 253
5 254
5 262
5 263
5 265
5 267
5 268
5 271
5 273
5 275
5 277
5 282
5 284
5 287
5 290
5 292
5 293
5 295
5 300
5 302
5 304
5 306
5 309
5 311
5 312
5 315
5 316
5 321
5 323
5 327
5 328
5 330
5 333
5 335
5 338
5 339
5 341
5 343
5 345
5 346
5 347
5 348
5 349
5 352
5 368
5 369
5 370
5 371
5 373
5 374
5 376
5 377
5 379
5 391
5 393
5 395
5 396
5 400
5 405
5 409
5 413
5 419
5 422
5 423
5 426
5 428
5 431
5 432
5 433
5 439
5 441
5 446
5 447
5 449
5 452
5 454
5 455
5 456
5 458
5 461
5 465
5 467
5 471
5 473
5 474
5 476
5 482
5 483
5 485
5 486
5 495
5 498
5 505
5 512
5 516
5 517
5 520
5 529
5 534
5 535
5 537
5 538
5 543
5 546
5 547
5 549
5 551
5 563
6 15
6 29
6 60
6 63
6 103
6 117
6 128
6 133
6 134
6 142
6 145
6 146
6 147
6 154
6 155
6 156
6 157
6 159
6 161
6 163
6 165
6 199
6 241
6 251
6 286
6 287
6 308
6 316
6 326
6 332
6 344
6 464
6 487
6 518
6 562
7 0
7 1
7 2
7 5
7 6
7 7
7 10
7 13
7 14
7 15
7 18
7 19
7 41
7 45
7 47
7 51
7 57
7 59
7 60
7 62
7 67
7 70
7 72
7 73
7 81
7 91
7 93
7 96
7 104
7 112
7 115
7 122
7 127
7 132
7 133
7 141
7 144
7 145
7 146
7 147
7 152
7 153
7 154
7 155
7 156
7 158
7 159
7 160
7 162
7 168
7 175
7 182
7 194
7 195
7 196
7 197
7 198
7 199
7 204
7 214
7 217
7 222
7 224
7 233
7 235
7 240
7 250
7 261
7 277
7 285
7 287
7 288
7 294
7 295
7 297
7 303
7 314
7 316
7 319
7 323
7 325
7 327
7 329
7 331
7 333
7 336
7 337
7 342
7 343
7 354
7 367
7 371
7 382
7 390
7 394
7 396
7 397
7 399
7 403
7 437
7 454
7 463
7 470
7 483
7 488
7 491
7 506
7 509
7 522
7 526
7 529
7 530
7 533
7 536
7 541
7 558
7 561
7 566
8 1
8 3
8 5
8 12
8 13
8 14
8 15
8 17
8 18
8 20
8 25
8 27
8 28
8 29
8 33
8 36
8 37
8 39
8 40
8 41
8 42
8 54
8 58
8 61
8 62
8 66
8 73
8 74
8 79
8 82
8 84
8 89
8 93
8 94
8 98
8 99
8 101
8 103
8 104
8 109
8 110
8 125
8 126
8 129
8 131
8 147
8 151
8 152
8 153
8 156
8 157
8 164
8 166
8 181
8 182
8 186
8 197
8 208
8 209
8 210
8 213
8 219
8 221
8 228
8 229
8 230
8 231
8 232
8 247
8 249
8 250
8 251
8 259
8 262
8 264
8 265
8 268
8 269
8 270
8 274
8 285
8 287
8 292
8 296
8 303
8 306
8 316
8 318
8 320
8 330
8 332
8 336
8 340
8 342
8 344
8 345
8 366
8 374
8 376
8 388
8 390
8 401
8 419
8 420
8 421
8 429
8 436
8 438
8 449
8 455
8 464
8 477
8 485
8 486
8 508
8 509
8 528
8 529
8 531
8 534
8 535
8 540
8 560
9 0
9 5
9 12
9 17
9 27
9 32
9 38
9 39
9 41
9 48
9 57
9 64
9 68
9 71
9 79
9 81
9 84
9 88
9 90
9 92
9 94
9 97
9 100
9 103
9 116
9 117
9 124
9 127
9 129
9 130
9 144
9 147
9 152
9 153
9 154
9 160
9 175
9 177
9 181
9 189
9 207
9 212
9 219
9 220
9 222
9 236
9 238
9 245
9 248
9 249
9 250
9 259
9 267
9 269
9 270
9 299
9 305
9 310
9 317
9 322
9 323
9 326
9 327
9 329
9 331
9 335
9 339
9 341
9 359
9 366
9 371
9 373
9 380
9 398
9 409
9 411
9 412
9 420
9 429
9 438
9 451
9 452
9 463
9 481
9 482
9 508
9 531
9 559
9 563
10 6
10 10
10 15
10 16
10 18
10 19
10 21
10 26
10 30
10 31
10 35
10 37
10 38
10 48
10 52
10 56
10 74
10 75
10 85
10 91
10 99
10 101
10 102
10 107
10 129
10 143
10 144
10 150
10 151
10 153
10 164
10 167
10 179
10 190
10 191
10 200
10 206
10 211
10 219
10 226
10 227
10 228
10 229
10 230
10 257
10 260
10 268
10 285
10 289
10 290
10 307
10 313
10 316
10 328
10 330
10 334
10 342
10 344
10 350
10 365
10 366
10 372
10 386
10 391
10 394
10 404
10 417
10 447
10 450
10 458
10 462
10 469
10 475
10 480
10 481
10 507
10 529
10 538
10 558
10 567
11 0
11 4
11 9
11 14
11 15
11 18
11 19
11 20
11 28
11 29
11 30
11 34
11 36
11 37
11 39
11 51
11 58
11 62
11 63
11 65
11 67
11 68
11 76
11 81
11 91
11 95
11 96
11 101
11 106
11 107
11 112
11 114
11 118
11 119
11 123
11 126
11 127
11 140
11 141
11 142
11 148
11 149
11 150
11 151
11 152
11 153
11 154
11 172
11 173
11 183
11 185
11 188
11 190
11 201
11 205
11 206
11 210
11 212
11 218
11 219
11 225
11 226
11 227
11 228
11 229
11 234
11 259
11 281
11 284
11 289
11 293
11 300
11 303
11 327
11 329
11 332
11 333
11 338
11 339
11 343
11 362
11 368
11 371
11 387
11 390
11 401
11 416
11 417
11 418
11 428
11 454
11 455
11 459
11 461
11 476
11 482
11 499
11 510
11 511
11 529
11 531
11 532
11 537
11 538
11 557
12 8
12 9
12 86
12 143
12 169
12 314
12 326
12 342
12 348
12 392
12 428
12 473
12 481
12 502
12 556
12 557
12 558
12 560
12 561
12 562
12 563
12 564
12 565
12 566
12 567
13 0
13 1
13 2
13 3
13 5
13 6
13 7
13 8
13 9
13 10
13 11
13 12
13 13
13 14
13 15
13 16
13 17
13 18
13 20
13 21
13 22
13 23
13 24
13 25
13 26
13 27
13 28
13 29
13 30
13 31
13 32
13 33
13 34
13 35
13 36
13 37
13 43
13 44
13 45
13 46
13 47
13 48
13 49
13 50
13 51
13 52
13 53
13 54
13 55
13 56
13 57
13 58
13 59
13 60
13 61
13 63
13 64
13 66
13 67
13 68
13 69
13 70
13 71
13 72
13 74
13 75
13 76
13 77
13 78
13 79
13 80
13 81
13 84
13 85
13 86
13 87
13 88
13 89
13 90
13 93
13 94
13 95
13 96
13 97
13 98
13 99
13 100
13 101
13 102
13 103
13 104
13 105
13 106
13 107
13 108
13 110
13 111
13 112
13 113
13 114
13 115
13 116
13 118
13 119
13 120
13 121
13 122
13 123
13 124
13 125
13 126
13 127
13 128
13 129
13 131
13 132
13 133
13 134
13 135
13 137
13 138
13 139
13 140
13 141
13 142
13 143
13 144
13 145
13 146
13 147
13 148
13 149
13 150
13 151
13 152
13 153
13 154
13 155
13 156
13 157
13 159
13 161
13 162
13 163
13 164
13 166
13 167
13 168
13 169
13 170
13 171
13 172
13 173
13 174
13 175
13 176
13 177
13 178
13 180
13 181
13 182
13 183
13 184
13 185
13 186
13 187
13 188
13 189
13 190
13 191
13 192
13 193
13 194
13 195
13 196
13 197
13 198
13 199
13 200
13 201
13 202
13 203
13 204
13 205
13 206
13 207
13 208
13 210
13 211
13 212
13 213
13 214
13 215
13 216
13 217
13 218
13 219
13 220
13 223
13 224
13 225
13 226
13 227
13 229
13 230
13 231
13 232
13 234
13 235
13 236
13 239
13 241
13 242
13 243
13 244
13 245
13 246
13 247
13 250
13 251
13 253
13 254
13 255
13 256
13 257
13 258
13 259
13 260
13 261
13 262
13 263
13 264
13 265
13 266
13 267
13 269
13 270
13 271
13 273
13 274
13 275
13 276
13 277
13 278
13 279
13 280
13 282
13 285
13 287
13 288
13 289
13 290
13 291
13 292
13 293
13 294
13 295
13 296
13 297
13 298
13 299
13 300
13 301
13 302
13 303
13 304
13 307
13 308
13 309
13 310
13 311
13 312
13 313
13 314
13 315
13 316
13 317
13 318
13 319
13 320
13 321
13 323
13 324
13 325
13 327
13 329
13 330
13 331
13 332
13 335
13 336
13 337
13 338
13 339
13 340
13 341
13 342
13 344
13 345
13 346
13 347
13 350
13 351
13 353
13 356
13 358
13 360
13 361
13 362
13 363
13 365
13 366
13 367
13 368
13 369
13 371
13 375
13 376
13 378
13 379
13 380
13 382
13 383
13 384
13 385
13 386
13 387
13 388
13 390
13 391
13 392
13 394
13 395
13 396
13 397
13 398
13 399
13 400
13 404
13 405
13 407
13 408
13 409
13 410
13 411
13 412
13 413
13 414
13 415
13 417
13 418
13 419
13 420
13 423
13 424
13 425
13 426
13 427
13 429
13 430
13 431
13 432
13 433
13 434
13 436
13 437
13 438
13 439
13 441
13 442
13 444
13 445
13 446
13 447
13 448
13 450
13 451
13 453
13 454
13 455
13 456
13 457
13 458
13 459
13 461
13 463
13 466
13 467
13 468
13 469
13 470
13 471
13 472
13 474
13 476
13 478
13 479
13 480
13 481
13 482
13 483
13 487
13 489
13 490
13 492
13 493
13 494
13 496
13 497
13 500
13 501
13 503
13 504
13 505
13 506
13 508
13 509
13 510
13 516
13 518
13 519
13 523
13 524
13 525
13 526
13 527
13 528
13 529
13 530
13 531
13 533
13 534
13 535
13 536
13 537
13 538
13 539
13 541
13 542
13 543
13 545
13 546
13 547
13 548
13 553
13 555
13 559
13 564
13 566
14 0
14 1
14 2
14 6
14 7
14 8
14 9
14 11
14 12
14 14
14 15
14 16
14 17
14 19
14 20
14 21
14 22
14 23
14 24
14 25
14 26
14 27
14 30
14 31
14 32
14 33
14 34
14 35
14 36
14 37
14 44
14 48
14 49
14 51
14 52
14 54
14 55
14 56
14 59
14 63
14 64
14 65
14 67
14 70
14 71
14 72
14 73
14 74
14 76
14 78
14 79
14 83
14 84
14 85
14 87
14 88
14 89
14 92
14 93
14 95
14 97
14 98
14 99
14 100
14 101
14 103
14 105
14 106
14 109
14 113
14 115
14 119
14 120
14 122
14 124
14 125
14 126
14 131
14 134
14 137
14 138
14 139
14 140
14 141
14 142
14 145
14 146
14 147
14 148
14 149
14 152
14 153
14 155
14 156
14 157
14 159
14 160
14 162
14 163
14 164
14 167
14 168
14 169
14 170
14 175
14 176
14 177
14 178
14 180
14 182
14 183
14 185
14 187
14 189
14 191
14 197
14 198
14 202
14 203
14 204
14 205
14 206
14 207
14 209
14 213
14 215
14 216
14 217
14 222
14 223
14 224
14 225
14 226
14 227
14 233
14 234
14 240
14 241
14 243
14 244
14 245
14 252
14 253
14 254
14 256
14 258
14 259
14 260
14 262
14 264
14 265
14 266
14 268
14 278
14 279
14 281
14 285
14 286
14 290
14 293
14 294
14 300
14 302
14 305
14 306
14 307
14 311
14 312
14 318
14 322
14 324
14 326
14 330
14 334
14 336
14 337
14 338
14 339
14 340
14 341
14 343
14 344
14 346
14 347
14 354
14 360
14 361
14 362
14 364
14 366
14 368
14 370
14 382
14 384
14 386
14 387
14 396
14 398
14 410
14 413
14 415
14 419
14 423
14 424
14 429
14 430
14 432
14 438
14 440
14 446
14 447
14 449
14 452
14 453
14 455
14 456
14 458
14 465
14 471
14 476
14 477
14 479
14 486
14 489
14 502
14 503
14 504
14 508
14 522
14 523
14 525
14 526
14 528
14 529
14 530
14 534
14 535
14 538
14 540
14 552
14 554
14 558
14 562
14 563
14 564
14 565
14 566
14 567
15 0
15 3
15 4
15 5
15 6
15 7
15 10
15 11
15 12
15 14
15 15
15 18
15 19
15 20
15 23
15 26
15 31
15 32
15 33
15 37
15 41
15 42
15 43
15 45
15 47
15 48
15 49
15 50
15 51
15 52
15 54
15 55
15 59
15 62
15 63
15 65
15 67
15 69
15 70
15 72
15 75
15 78
15 81
15 82
15 83
15 86
15 87
15 88
15 91
15 92
15 95
15 96
15 97
15 103
15 104
15 108
15 109
15 111
15 114
15 118
15 120
15 121
15 122
15 124
15 125
15 133
15 136
15 137
15 138
15 140
15 143
15 144
15 145
15 146
15 147
15 148
15 149
15 150
15 151
15 152
15 154
15 157
15 159
15 161
15 166
15 167
15 168
15 174
15 178
15 179
15 180
15 183
15 184
15 186
15 187
15 188
15 190
15 196
15 197
15 201
15 202
15 203
15 204
15 205
15 206
15 210
15 212
15 213
15 214
15 215
15 221
15 222
15 223
15 224
15 225
15 226
15 227
15 228
15 232
15 233
15 239
15 240
15 242
15 243
15 245
15 251
15 252
15 253
15 255
15 257
15 259
15 262
15 263
15 264
15 265
15 267
15 268
15 273
15 275
15 277
15 278
15 279
15 280
15 283
15 284
15 287
15 288
15 290
15 296
15 298
15 299
15 305
15 307
15 310
15 311
15 314
15 315
15 316
15 317
15 321
15 323
15 325
15 328
15 329
15 334
15 335
15 336
15 337
15 338
15 339
15 342
15 343
15 345
15 353
15 354
15 359
15 360
15 361
15 362
15 364
15 366
15 369
15 379
15 382
15 383
15 385
15 386
15 388
15 392
15 395
15 396
15 397
15 406
15 408
15 409
15 411
15 413
15 414
15 415
15 418
15 421
15 429
15 431
15 432
15 433
15 434
15 437
15 439
15 446
15 448
15 451
15 454
15 455
15 456
15 461
15 470
15 472
15 475
15 476
15 478
15 481
15 483
15 485
15 488
15 501
15 506
15 507
15 514
15 518
15 521
15 522
15 527
15 528
15 533
15 553
15 557
15 562
15 564
15 566
15 567
16 4
16 9
16 10
16 12
16 13
16 14
16 15
16 17
16 18
16 19
16 25
16 29
16 30
16 31
16 32
16 40
16 46
16 47
16 49
16 50
16 54
16 63
16 71
16 73
16 74
16 75
16 76
16 81
16 83
16 86
16 90
16 93
16 94
16 95
16 96
16 100
16 101
16 102
16 103
16 106
16 109
16 118
16 122
16 123
16 135
16 136
16 137
16 138
16 139
16 140
16 143
16 145
16 146
16 147
16 148
16 151
16 152
16 153
16 158
16 160
16 161
16 167
16 168
16 172
16 177
16 178
16 180
16 183
16 185
16 186
16 187
16 189
16 191
16 198
16 200
16 205
16 207
16 212
16 213
16 215
16 220
16 221
16 223
16 224
16 226
16 227
16 238
16 241
16 242
16 243
16 251
16 252
16 254
16 256
16 257
16 260
16 262
16 264
16 266
16 272
16 274
16 276
16 278
16 279
16 288
16 290
16 295
16 297
16 298
16 299
16 300
16 304
16 308
16 310
16 312
16 315
16 320
16 322
16 324
16 326
16 328
16 334
16 335
16 336
16 339
16 344
16 353
16 355
16 357
16 359
16 360
16 366
16 374
16 380
16 396
16 411
16 412
16 421
16 428
16 445
16 447
16 450
16 461
16 469
16 474
16 475
16 478
16 494
16 501
16 524
16 531
16 533
16 550
16 552
16 561
16 565
16 566
17 3
17 8
17 9
17 24
17 27
17 31
17 64
17 70
17 72
17 73
17 74
17 81
17 85
17 95
17 97
17 100
17 101
17 110
17 121
17 122
17 123
17 137
17 139
17 143
17 145
17 146
17 153
17 160
17 161
17 166
17 179
17 182
17 184
17 185
17 186
17 188
17 191
17 199
17 201
17 204
17 205
17 207
17 214
17 219
17 220
17 222
17 223
17 230
17 241
17 250
17 266
17 272
17 278
17 294
17 297
17 300
17 306
17 309
17 314
17 315
17 320
17 321
17 323
17 327
17 333
17 335
17 347
17 356
17 361
17 364
17 368
17 369
17 371
17 374
17 376
17 379
17 403
17 410
17 434
17 444
17 446
17 457
17 462
17 491
17 493
17 500
17 521
17 526
17 530
17 531
17 532
17 551
17 552
17 553
17 554
17 555
17 556
17 557
17 558
17 559
17 560
17 561
17 562
17 563
17 564
17 565
17 566
17 567
18 0
18 1
18 2
18 3
18 4
18 5
18 6
18 7
18 8
18 9
18 10
18 11
18 12
18 13
18 14
18 15
18 16
18 17
18 18
18 19
18 20
18 21
18 22
18 23
18 24
18 25
18 26
18 27
18 28
18 29
18 30
18 31
18 32
18 33
18 34
18 35
18 36
18 37
18 38
18 39
18 40
18 41
18 42
18 43
18 44
18 45
18 46
18 47
18 48
18 49
18 50
18 51
18 52
18 53
18 54
18 55
18 56
18 57
18 58
18 59
18 60
18 61
18 62
18 63
18 64
18 65
18 66
18 67
18 68
18 69
18 70
18 71
18 72
18 73
18 74
18 75
18 76
18 77
18 78
18 79
18 80
18 81
18 82
18 83
18 84
18 85
18 86
18 87
18 88
18 89
18 90
18 91
18 92
18 93
18 94
18 95
18 96
18 97
18 98
18 99
18 100
18 101
18 102
18 103
18 104
18 105
18 106
18 107
18 108
18 109
18 110
18 111
18 112
18 113
18 114
18 115
18 116
18 117
18 118
18 119
18 120
18 121
18 122
18 123
18 124
18 125
18 126
18 127
18 128
18 129
18 130
18 131
18 132
18 133
18 134
18 135
18 136
18 137
18 138
18 139
18 140
18 141
18 142
18 143
18 144
18 145
18 146
18 147
18 148
18 149
18 150
18 151
18 152
18 153
18 154
18 155
18 156
18 157
18 158
18 159
18 160
18 161
18 162
18 163
18 164
18 165
18 166
18 167
18 168
18 169
18 170
18 171
18 172
18 173
18 174
18 175
18 176
18 177
18 178
18 179
18 180
18 181
18 182
18 183
18 184
18 185
18 186
18 187
18 188
18 189
18 190
18 191
18 192
18 193
18 194
18 195
18 196
18 197
18 198
18 199
18 200
18 201
18 202
18 203
18 204
18 205
18 206
18 207
18 208
18 209
18 210
18 211
18 212
18 213
18 214
18 215
18 216
18 217
18 218
18 219
18 220
18 221
18 222
18 223
18 224
18 225
18 226
18 227
18 228
18 229
18 230
18 231
18 232
18 233
18 234
18 235
18 236
18 237
18 238
18 239
18 240
18 241
18 242
18 243
18 244
18 245
18 246
18 247
18 248
18 249
18 250
18 251
18 252
18 253
18 254
18 255
18 256
18 257
18 258
18 259
18 260
18 261
18 262
18 263
18 264
18 265
18 266
18 267
18 268
18 269
18 270
18 271
18 272
18 273
18 274
18 275
18 276
18 277
18 278
18 279
18 280
18 281
18 282
18 283
18 284
18 285
18 286
18 287
18 288
18 289
18 290
18 291
18 292
18 293
18 294
18 295
18 296
18 297
18 298
18 299
18 300
18 301
18 302
18 303
18 304
18 305
18 306
18 307
18 308
18 309
18 310
18 311
18 312
18 313
18 314
18 315
18 316
18 317
18 318
18 319
18 320
18 321
18 322
18 323
18 324
18 325
18 326
18 327
18 328
18 329
18 330
18 331
18 332
18 333
18 334
18 335
18 336
18 337
18 338
18 339
18 340
18 341
18 342
18 343
18 344
18 345
18 346
18 347
18 348
18 349
18 350
18 351
18 352
18 353
18 354
18 355
18 356
18 357
18 358
18 359
18 360
18 361
18 362
18 363
18 364
18 365
18 366
18 367
18 368
18 369
18 370
18 371
18 372
18 373
18 374
18 375
18 376
18 377
18 378
18 379
18 380
18 381
18 382
18 383
18 384
18 385
18 386
18 387
18 388
18 389
18 390
18 391
18 392
18 393
18 394
18 395
18 396
18 397
18 398
18 399
18 400
18 401
18 402
18 403
18 404
18 405
18 406
18 407
18 408
18 409
18 410
18 411
18 412
18 413
18 414
18 415
18 416
18 417
18 418
18 419
18 420
18 421
18 422
18 423
18 424
18 425
18 426
18 427
18 428
18 429
18 430
18 431
18 432
18 433
18 434
18 435
18 436
18 437
18 438
18 439
18 440
18 441
18 442
18 443
18 444
18 445
18 446
18 447
18 448
18 449
18 450
18 451
18 452
18 453
18 454
18 455
18 456
18 457
18 458
18 459
18 460
18 461
18 462
18 463
18 464
18 465
18 466
18 467
18 468
18 469
18 470
18 471
18 472
18 473
18 474
18 475
18 476
18 477
18 478
18 479
18 480
18 481
18 482
18 483
18 484
18 485
18 486
18 487
18 488
18 489
18 490
18 491
18 492
18 493
18 494
18 495
18 496
18 497
18 498
18 499
18 500
18 501
18 502
18 503
18 504
18 505
18 506
18 507
18 508
18 509
18 510
18 511
18 512
18 513
18 514
18 515
18 516
18 517
18 518
18 519
18 520
18 521
18 522
18 523
18 524
18 525
18 526
18 527
18 528
18 529
18 530
18 531
18 532
18 533
18 534
18 535
18 536
18 537
18 538
18 539
18 540
18 541
18 542
18 543
18 544
18 545
18 546
18 547
18 548
18 550
18 551
18 554
18 555
18 556
18 557
18 558
18 559
18 560
18 561
18 563
18 564
18 565
18 566
19 0
19 1
19 3
19 4
19 5
19 6
19 7
19 9
19 10
19 11
19 12
19 14
19 15
19 16
19 17
19 18
19 20
19 21
19 22
19 23
19 25
19 26
19 27
19 28
19 29
19 30
19 31
19 33
19 34
19 35
19 37
19 38
19 39
19 40
19 41
19 42
19 43
19 44
19 45
19 46
19 47
19 48
19 49
19 50
19 51
19 54
19 55
19 57
19 58
19 59
19 60
19 61
19 62
19 63
19 64
19 65
19 66
19 67
19 68
19 69
19 70
19 71
19 72
19 73
19 74
19 75
19 78
19 79
19 80
19 81
19 82
19 83
19 84
19 85
19 86
19 87
19 88
19 89
19 90
19 91
19 92
19 93
19 94
19 95
19 96
19 98
19 99
19 100
19 101
19 102
19 103
19 104
19 105
19 106
19 107
19 108
19 109
19 110
19 112
19 114
19 115
19 116
19 117
19 119
19 120
19 121
19 122
19 123
19 125
19 126
19 127
19 128
19 129
19 130
19 132
19 133
19 134
19 135
19 136
19 137
19 138
19 139
19 140
19 141
19 142
19 143
19 144
19 145
19 146
19 147
19 148
19 150
19 151
19 152
19 153
19 154
19 156
19 157
19 158
19 159
19 160
19 161
19 162
19 163
19 164
19 165
19 166
19 167
19 168
19 169
19 170
19 171
19 172
19 173
19 174
19 175
19 176
19 177
19 178
19 180
19 181
19 182
19 183
19 184
19 185
19 186
19 188
19 189
19 190
19 191
19 192
19 193
19 194
19 195
19 197
19 198
19 199
19 200
19 201
19 202
19 204
19 205
19 206
19 207
19 208
19 209
19 210
19 211
19 212
19 213
19 215
19 216
19 217
19 218
19 219
19 220
19 221
19 222
19 223
19 224
19 226
19 228
19 229
19 230
19 233
19 234
19 235
19 236
19 237
19 238
19 239
19 240
19 241
19 244
19 245
19 247
19 248
19 249
19 250
19 253
19 254
19 257
19 258
19 259
19 260
19 261
19 263
19 264
19 265
19 267
19 268
19 269
19 270
19 271
19 272
19 273
19 274
19 275
19 276
19 277
19 279
19 281
19 282
19 283
19 284
19 285
19 286
19 287
19 288
19 289
19 290
19 292
19 293
19 294
19 295
19 296
19 297
19 298
19 300
19 301
19 302
19 303
19 305
19 306
19 307
19 308
19 309
19 310
19 311
19 312
19 313
19 314
19 315
19 316
19 317
19 318
19 319
19 320
19 321
19 323
19 324
19 325
19 326
19 327
19 329
19 330
19 331
19 332
19 333
19 335
19 338
19 339
19 341
19 344
19 345
19 347
19 349
19 352
19 354
19 355
19 356
19 357
19 359
19 360
19 361
19 362
19 363
19 365
19 366
19 367
19 370
19 371
19 372
19 374
19 375
19 377
19 378
19 379
19 380
19 381
19 382
19 383
19 385
19 387
19 388
19 390
19 391
19 393
19 395
19 398
19 399
19 401
19 403
19 404
19 405
19 406
19 407
19 408
19 409
19 411
19 412
19 413
19 414
19 418
19 419
19 420
19 421
19 425
19 427
19 430
19 431
19 432
19 433
19 434
19 435
19 436
19 438
19 439
19 440
19 441
19 442
19 444
19 445
19 447
19 448
19 449
19 450
19 451
19 452
19 453
19 455
19 460
19 462
19 465
19 466
19 471
19 472
19 474
19 475
19 477
19 481
19 483
19 484
19 486
19 487
19 488
19 489
19 491
19 494
19 497
19 498
19 499
19 500
19 501
19 502
19 503
19 504
19 505
19 508
19 510
19 517
19 518
19 519
19 520
19 521
19 523
19 524
19 525
19 527
19 528
19 529
19 530
19 531
19 534
19 536
19 537
19 539
19 540
19 545
19 546
19 547
19 549
19 550
19 553
19 554
19 555
19 556
19 557
19 558
19 559
19 560
19 562
19 563
19 564
19 565
19 567
20 0
20 2
20 3
20 4
20 5
20 6
20 8
20 9
20 10
20 11
20 13
20 14
20 15
20 16
20 17
20 19
20 20
20 21
20 22
20 23
20 24
20 25
20 26
20 27
20 28
20 29
20 30
20 32
20 33
20 34
20 36
20 37
20 38
20 39
20 40
20 41
20 42
20 43
20 44
20 45
20 46
20 47
20 48
20 49
20 50
20 53
20 54
20 56
20 57
20 58
20 59
20 60
20 61
20 62
20 63
20 64
20 65
20 66
20 67
20 68
20 69
20 70
20 71
20 72
20 73
20 74
20 77
20 78
20 79
20 80
20 81
20 82
20 83
20 84
20 85
20 86
20 87
20 88
20 89
20 90
20 91
20 92
20 93
20 94
20 95
20 97
20 98
20 99
20 100
20 101
20 102
20 103
20 104
20 105
20 106
20 107
20 108
20 109
20 111
20 113
20 114
20 115
20 116
20 117
20 118
20 119
20 120
20 121
20 122
20 124
20 125
20 126
20 127
20 128
20 129
20 130
20 131
20 132
20 133
20 134
20 135
20 136
20 137
20 138
20 139
20 140
20 141
20 142
20 143
20 144
20 145
20 146
20 147
20 149
20 150
20 151
20 152
20 153
20 155
20 156
20 157
20 158
20 159
20 160
20 161
20 162
20 163
20 164
20 165
20 166
20 167
20 168
20 169
20 170
20 171
20 172
20 173
20 174
20 175
20 176
20 177
20 179
20 180
20 181
20 182
20 183
20 184
20 185
20 187
20 188
20 189
20 190
20 191
20 192
20 193
20 194
20 195
20 196
20 197
20 198
20 199
20 200
20 201
20 203
20 204
20 205
20 206
20 207
20 208
20 209
20 210
20 211
20 212
20 214
20 215
20 216
20 217
20 218
20 219
20 220
20 221
20 222
20 223
20 225
20 226
20 227
20 228
20 229
20 232
20 233
20 234
20 235
20 236
20 237
20 238
20 239
20 240
20 243
20 244
20 246
20 247
20 248
20 249
20 252
20 253
20 256
20 257
20 258
20 259
20 260
20 262
20 263
20 264
20 266
20 267
20 268
20 269
20 270
20 271
20 272
20 273
20 274
20 275
20 276
20 278
20 280
20 281
20 282
20 283
20 284
20 285
20 286
20 287
20 288
20 289
20 291
20 292
20 293
20 294
20 295
20 296
20 297
20 299
20 300
20 301
20 302
20 304
20 305
20 306
20 307
20 308
20 309
20 310
20 311
20 312
20 313
20 314
20 315
20 316
20 317
20 318
20 319
20 320
20 322
20 323
20 324
20 325
20 326
20 328
20 329
20 330
20 331
20 332
20 334
20 337
20 338
20 340
20 343
20 344
20 346
20 348
20 351
20 353
20 354
20 355
20 356
20 358
20 359
20 360
20 361
20 362
20 364
20 365
20 366
20 369
20 370
20 371
20 373
20 374
20 376
20 377
20 378
20 379
20 380
20 381
20 382
20 384
20 385
20 386
20 387
20 389
20 390
20 392
20 394
20 397
20 398
20 400
20 402
20 403
20 404
20 405
20 406
20 407
20 408
20 410
20 411
20 412
20 413
20 417
20 418
20 419
20 420
20 424
20 426
20 429
20 430
20 431
20 432
20 433
20 434
20 435
20 437
20 438
20 439
20 440
20 441
20 443
20 444
20 446
20 447
20 448
20 449
20 450
20 451
20 452
20 454
20 459
20 461
20 464
20 465
20 470
20 471
20 473
20 474
20 476
20 480
20 482
20 483
20 485
20 486
20 487
20 488
20 490
20 491
20 493
20 496
20 497
20 498
20 499
20 500
20 501
20 502
20 503
20 504
20 507
20 509
20 511
20 513
20 516
20 517
20 518
20 519
20 520
20 522
20 523
20 524
20 526
20 527
20 528
20 529
20 530
20 533
20 535
20 536
20 538
20 539
20 544
20 545
20 546
20 548
21 0
21 181
21 190
21 547
21 549
21 550
21 551
21 553
21 554
21 555
21 556
21 557
21 558
21 560
21 561
21 562
21 563
21 565
21 567
22 1
22 2
22 3
22 4
22 6
22 7
22 8
22 9
22 11
22 12
22 13
22 14
22 15
22 17
22 18
22 19
22 21
22 22
22 23
22 24
22 25
22 26
22 27
22 28
22 30
22 32
22 34
22 35
22 37
22 38
22 39
22 40
22 41
22 42
22 43
22 44
22 45
22 47
22 48
22 50
22 51
22 52
22 54
22 55
22 57
22 58
22 59
22 60
22 61
22 62
22 63
22 64
22 65
22 66
22 67
22 68
22 69
22 70
22 71
22 74
22 75
22 76
22 77
22 78
22 80
22 81
22 82
22 84
22 85
22 86
22 87
22 88
22 89
22 90
22 91
22 93
22 95
22 96
22 97
22 98
22 100
22 101
22 102
22 103
22 104
22 105
22 107
22 109
22 110
22 111
22 112
22 113
22 114
22 116
22 117
22 118
22 119
22 120
22 122
22 125
22 127
22 129
22 130
22 131
22 132
22 133
22 134
22 137
22 138
22 139
22 140
22 141
22 142
22 143
22 145
22 147
22 148
22 150
22 152
22 153
22 154
22 156
22 157
22 158
22 159
22 160
22 161
22 162
22 163
22 164
22 166
22 167
22 168
22 169
22 170
22 171
22 172
22 173
22 174
22 175
22 177
22 179
22 180
22 181
22 182
22 183
22 186
22 187
22 189
22 190
22 191
22 192
22 194
22 197
22 199
22 201
22 202
22 204
22 205
22 206
22 207
22 208
22 209
22 210
22 211
22 212
22 213
22 214
22 215
22 216
22 217
22 218
22 219
22 220
22 221
22 222
22 223
22 224
22 225
22 226
22 230
22 232
22 233
22 234
22 235
22 236
22 237
22 239
22 241
22 242
22 243
22 245
22 246
22 248
22 250
22 251
22 256
22 257
22 258
22 259
22 260
22 262
22 265
22 266
22 267
22 268
22 269
22 270
22 271
22 272
22 273
22 274
22 276
22 278
22 279
22 280
22 282
22 283
22 284
22 285
22 286
22 287
22 289
22 290
22 291
22 292
22 293
22 294
22 296
22 298
22 299
22 300
22 302
22 304
22 306
22 307
22 308
22 309
22 310
22 311
22 312
22 313
22 314
22 315
22 316
22 318
22 321
22 322
22 327
22 328
22 329
22 330
22 331
22 332
22 335
22 336
22 338
22 341
22 343
22 344
22 346
22 348
22 349
22 351
22 353
22 354
22 356
22 357
22 359
22 360
22 362
22 363
22 364
22 367
22 370
22 371
22 373
22 374
22 375
22 376
22 378
22 379
22 381
22 382
22 383
22 384
22 387
22 389
22 393
22 395
22 396
22 397
22 398
22 400
22 401
22 402
22 404
22 405
22 406
22 407
22 408
22 410
22 411
22 415
22 416
22 417
22 419
22 422
22 424
22 427
22 428
22 429
22 430
22 432
22 433
22 435
22 437
22 438
22 439
22 441
22 442
22 443
22 444
22 445
22 446
22 448
22 449
22 450
22 451
22 452
22 457
22 458
22 463
22 465
22 468
22 469
22 471
22 472
22 473
22 474
22 478
22 481
22 483
22 486
22 488
22 495
22 499
22 502
22 506
22 515
22 518
22 520
22 521
22 522
22 525
22 526
22 527
22 529
22 536
22 537
22 540
22 542
22 544
22 546
22 548
22 549
22 550
22 552
22 553
22 554
22 555
22 556
22 557
22 559
22 560
22 561
22 562
22 564
22 566
23 0
23 1
23 2
23 3
23 5
23 6
23 7
23 8
23 10
23 11
23 12
23 13
23 14
23 16
23 17
23 18
23 20
23 21
23 22
23 23
23 24
23 25
23 26
23 27
23 29
23 31
23 33
23 34
23 36
23 37
23 38
23 39
23 40
23 41
23 42
23 43
23 44
23 46
23 47
23 49
23 50
23 51
23 53
23 54
23 56
23 57
23 58
23 59
23 60
23 61
23 62
23 63
23 64
23 65
23 66
23 67
23 68
23 69
23 70
23 73
23 74
23 75
23 76
23 77
23 79
23 80
23 81
23 83
23 84
23 85
23 86
23 87
23 88
23 89
23 90
23 92
23 94
23 95
23 96
23 97
23 99
23 100
23 101
23 102
23 103
23 104
23 106
23 108
23 109
23 110
23 111
23 112
23 113
23 115
23 116
23 117
23 118
23 119
23 121
23 124
23 125
23 126
23 128
23 129
23 130
23 131
23 132
23 133
23 136
23 137
23 138
23 139
23 140
23 141
23 142
23 144
23 146
23 147
23 149
23 151
23 152
23 153
23 155
23 156
23 157
23 158
23 160
23 161
23 162
23 163
23 165
23 166
23 167
23 168
23 169
23 170
23 171
23 173
23 176
23 178
23 179
23 180
23 181
23 182
23 185
23 186
23 188
23 189
23 190
23 191
23 193
23 198
23 200
23 201
23 203
23 204
23 205
23 206
23 207
23 208
23 209
23 210
23 211
23 212
23 213
23 214
23 215
23 216
23 217
23 218
23 219
23 220
23 221
23 222
23 223
23 224
23 225
23 229
23 231
23 232
23 233
23 234
23 235
23 236
23 238
23 240
23 241
23 242
23 244
23 245
23 247
23 249
23 250
23 253
23 255
23 256
23 257
23 258
23 259
23 261
23 264
23 265
23 266
23 267
23 268
23 269
23 270
23 271
23 272
23 273
23 275
23 277
23 278
23 279
23 281
23 282
23 283
23 284
23 285
23 286
23 288
23 289
23 290
23 291
23 292
23 293
23 295
23 297
23 298
23 299
23 301
23 303
23 305
23 306
23 307
23 308
23 309
23 310
23 311
23 312
23 313
23 314
23 315
23 317
23 320
23 321
23 326
23 327
23 328
23 329
23 330
23 331
23 334
23 335
23 337
23 340
23 342
23 343
23 347
23 348
23 350
23 352
23 353
23 355
23 356
23 358
23 359
23 361
23 362
23 363
23 366
23 369
23 370
23 372
23 373
23 374
23 375
23 377
23 378
23 380
23 381
23 382
23 383
23 386
23 388
23 392
23 394
23 395
23 396
23 397
23 399
23 400
23 401
23 403
23 404
23 405
23 406
23 409
23 410
23 414
23 415
23 416
23 418
23 421
23 423
23 426
23 427
23 429
23 431
23 432
23 434
23 436
23 437
23 438
23 440
23 441
23 442
23 443
23 444
23 445
23 447
23 448
23 449
23 450
23 451
23 456
23 462
23 464
23 467
23 468
23 470
23 471
23 472
23 473
23 477
23 480
23 482
23 485
23 487
23 494
23 498
23 501
23 505
23 514
23 517
23 519
23 520
23 521
23 524
23 525
23 526
23 528
23 535
23 536
23 539
23 541
23 543
23 545
23 565
23 566
24 63
24 96
24 459
24 535
24 544
24 553
24 555
25 0
25 1
25 3
25 6
25 19
25 23
25 41
25 65
25 74
25 75
25 84
25 85
25 87
25 96
25 98
25 109
25 147
25 151
25 169
25 171
25 174
25 184
25 191
25 210
25 211
25 276
25 281
25 282
25 288
25 289
25 292
25 302
25 309
25 310
25 313
25 315
25 325
25 348
25 350
25 353
25 357
25 414
25 419
25 462
25 469
25 485
25 522
25 523
25 543
25 564
26 101
26 363
26 542
26 545
26 548
26 551
26 552
26 563
26 567
27 3
27 4
27 17
27 18
27 21
27 26
27 30
27 37
27 43
27 59
27 60
27 62
27 63
27 71
27 72
27 82
27 83
27 84
27 92
27 95
27 96
27 98
27 99
27 100
27 107
27 110
27 126
27 127
27 128
27 129
27 132
27 133
27 135
27 136
27 140
27 148
27 155
27 157
27 171
27 182
27 183
27 195
27 202
27 206
27 220
27 233
27 250
27 251
27 252
27 268
27 271
27 273
27 277
27 279
27 281
27 286
27 287
27 296
27 304
27 305
27 306
27 311
27 313
27 317
27 323
27 333
27 343
27 362
27 366
27 369
27 374
27 400
27 401
27 417
27 420
27 453
27 456
27 459
27 487
27 515
27 542
28 541
28 553
28 560
29 6
29 161
29 274
29 321
29 485
29 520
29 540
30 539
31 128
31 159
31 272
31 283
31 305
31 319
31 538
31 543
31 544
31 546
31 547
31 549
31 550
31 563
32 3
32 15
32 16
32 26
32 34
32 36
32 42
32 48
32 57
32 66
32 71
32 74
32 77
32 79
32 86
32 89
32 92
32 102
32 104
32 106
32 107
32 108
32 116
32 119
32 120
32 122
32 127
32 129
32 130
32 131
32 132
32 133
32 149
32 156
32 157
32 158
32 162
32 170
32 171
32 173
32 184
32 188
32 215
32 216
32 224
32 226
32 236
32 248
32 260
32 262
32 267
32 271
32 272
32 282
32 294
32 295
32 299
32 300
32 301
32 302
32 304
32 306
32 308
32 317
32 318
32 354
32 364
32 412
32 414
32 428
32 431
32 437
32 516
32 537
32 540
32 542
32 543
32 544
32 545
32 546
32 548
32 549
32 551
32 553
32 556
32 562
32 565
33 0
33 2
33 15
33 18
33 20
33 21
33 30
33 31
33 32
33 33
33 34
33 35
33 41
33 43
33 44
33 47
33 52
33 56
33 57
33 65
33 67
33 70
33 71
33 73
33 74
33 76
33 77
33 78
33 86
33 89
33 90
33 91
33 94
33 100
33 101
33 105
33 106
33 107
33 115
33 120
33 121
33 122
33 123
33 125
33 126
33 128
33 129
33 130
33 132
33 134
33 135
33 141
33 142
33 148
33 149
33 151
33 153
33 168
33 169
33 170
33 171
33 172
33 177
33 178
33 188
33 191
33 207
33 208
33 213
33 214
33 223
33 224
33 234
33 235
33 239
33 246
33 247
33 249
33 255
33 256
33 259
33 261
33 268
33 276
33 278
33 280
33 284
33 288
33 289
33 290
33 299
33 300
33 301
33 302
33 303
33 304
33 305
33 307
33 311
33 313
33 316
33 317
33 319
33 321
33 323
33 324
33 334
33 335
33 347
33 349
33 363
33 367
33 371
33 391
33 395
33 411
33 419
33 420
33 421
33 430
33 436
33 437
33 445
33 457
33 458
33 470
33 496
