7020	139
7987	139
3517	139
1954	139
3659	139
4546	139
12407	139
4090	139
3914	139
1492	139
11457	139
1780	139
13480	139
15015	139
3442	139
11517	139
12217	139
6643	139
6976	139
10230	139
7287	139
5556	139
6932	139
12148	139
10982	139
6549	139
7464	139
6880	139
10319	139
8418	139
6183	139
5214	139
10957	139
14380	139
11146	139
10951	139
1887	139
438	139
8145	139
13887	139
1420	139
3845	139
13380	139
1493	139
2216	139
13011	139
647	139
3944	139
14779	139
2441	139
13946	139
2633	139
14210	139
7515	139
6703	139
13310	139
12507	139
11777	139
5204	139
12159	139
6416	139
1063	139
2777	139
3784	139
14611	139
9977	139
12576	139
7609	139
6660	139
6833	139
8539	139
14811	139
10229	139
10479	139
9474	139
2722	139
3501	139
13551	139
14005	139
9518	139
9106	139
3870	139
14295	139
11221	139
7051	139
600	139
1665	139
8110	139
10697	139
11	139
10014	139
2791	139
11602	139
9906	139
14463	139
1566	139
10588	139
14308	139
11128	139
4587	139
2429	139
3400	139
13599	139
13482	139
13119	139
8197	139
12525	139
2996	139
12091	139
4857	139
9429	139
8767	139
2482	139
1321	139
14342	139
1723	139
5328	139
1050	139
1553	139
3088	139
3693	139
5716	139
10701	139
3746	139
874	139
14462	139
9433	139
11863	139
14956	139
12668	139
14390	139
10820	139
6963	139
6743	139
1046	139
5422	139
3883	139
13603	139
723	139
1753	139
424	139
9203	139
12847	139
5767	139
753	139
4216	139
4960	139
8209	139
6846	139
6752	139
6312	139
4839	139
12949	139
12237	139
13722	139
13921	139
11633	139
268	139
10731	139
11303	139
14220	139
937	139
5342	139
14160	139
2480	139
9849	139
8258	139
4706	139
7408	139
8049	139
12059	139
4719	139
10862	139
13283	139
3093	139
11600	139
7571	139
13292	139
875	139
7010	139
3899	139
2516	139
1474	139
8340	139
13217	139
8715	139
979	139
8030	139
12210	139
13069	139
1636	139
1557	139
2016	139
13997	139
6967	139
12290	139
3253	139
9821	139
12050	139
2290	139
2407	139
12858	139
9872	139
1055	139
1098	139
2859	139
8650	139
4104	139
2528	139
689	139
12063	139
14854	139
4035	139
2116	139
9018	139
3550	139
14942	139
11432	139
2985	139
6324	139
13042	139
7369	139
83	139
13515	139
9493	139
2886	139
12539	139
13017	139
4639	139
3123	139
10567	139
843	139
1616	139
14706	139
917	139
2316	139
2986	139
11792	139
1149	139
6714	139
12950	139
10678	139
25	139
9765	139
6980	139
10035	139
6946	139
777	139
11334	139
8424	139
783	139
11478	139
690	139
11506	139
7037	139
11061	139
3600	139
7843	139
5660	139
2825	139
11859	139
5746	139
6034	139
1955	139
2239	139
9231	139
411	139
13416	139
5509	139
11644	139
6406	139
4530	139
4678	139
10340	139
1829	139
4717	139
5410	139
10448	139
14144	139
14161	139
4872	139
2734	139
4481	139
9529	139
6695	139
5814	139
828	139
13187	139
15050	139
710	139
13210	139
11215	139
8095	139
10366	139
4844	139
9850	139
10687	139
2880	139
11194	139
1961	139
15027	139
1973	139
10682	139
14716	139
13117	139
11802	139
14982	139
9091	139
3203	139
8735	139
10581	139
10257	139
5052	139
13218	139
1137	139
6803	139
402	139
7969	139
7534	139
13912	139
13110	139
14488	139
2197	139
13019	139
11427	139
13568	139
8276	139
6863	139
13278	139
6425	139
9137	139
12631	139
10259	139
14525	139
8729	139
9343	139
5390	139
11649	139
6922	139
5990	139
14069	139
8275	139
8725	139
3206	139
3002	139
9723	139
10086	139
14511	139
9596	139
310	139
6182	139
14222	139
954	139
1951	139
7995	139
8052	139
12929	139
14307	139
1651	139
6799	139
519	139
12893	139
12737	139
8284	139
5393	139
14626	139
13667	139
1375	139
7921	139
5375	139
7031	139
1944	139
2549	139
3945	139
12971	139
1198	139
13634	139
11359	139
13784	139
97	139
12879	139
9550	139
11710	139
6391	139
6678	139
6179	139
5035	139
10948	139
7268	139
12024	139
10760	139
13054	139
11383	139
9136	139
14720	139
2910	139
15084	139
6223	139
9792	139
5374	139
451	139
7232	139
2477	139
15030	139
677	139
4234	139
7250	139
11003	139
9042	139
1191	139
11886	139
15009	139
11521	139
10893	139
5451	139
13692	139
1979	139
5183	139
14074	139
9858	139
14568	139
3705	139
4233	139
997	139
12683	139
10773	139
6920	139
11620	139
1006	139
3499	139
13409	139
2140	139
8366	139
229	139
11924	139
11332	139
11833	139
3	139
12061	139
14732	139
9555	139
14620	139
7097	139
14839	139
1715	139
2327	139
11937	139
4012	139
8368	139
7020	140
6732	140
1492	140
12217	140
7762	140
3442	140
12407	140
4909	140
11427	140
10855	140
3517	140
12148	140
11777	140
3659	140
4902	140
9231	140
5214	140
13019	140
5814	140
1207	140
3784	140
917	140
14476	140
6833	140
10957	140
9977	140
6183	140
10951	140
11457	140
6660	140
14210	140
6932	140
6272	140
13480	140
5556	140
6125	140
1237	140
9490	140
2429	140
1954	140
10697	140
11	140
10014	140
14643	140
4872	140
9272	140
8049	140
2791	140
2777	140
6880	140
9906	140
14463	140
1566	140
14308	140
9474	140
10588	140
11128	140
6703	140
1420	140
3400	140
13551	140
14390	140
13599	140
4546	140
13119	140
2996	140
14005	140
12091	140
10982	140
4587	140
15015	140
4857	140
8767	140
6725	140
2482	140
3501	140
14342	140
2441	140
11602	140
3693	140
1050	140
3088	140
5716	140
14956	140
10671	140
1369	140
13536	140
3746	140
874	140
14061	140
6324	140
1321	140
9433	140
11863	140
3914	140
13283	140
4288	140
1046	140
10820	140
13603	140
723	140
1753	140
9699	140
9749	140
424	140
9203	140
4216	140
4960	140
8209	140
4839	140
13342	140
10731	140
753	140
14160	140
9849	140
7515	140
12668	140
8650	140
2985	140
4706	140
10862	140
12059	140
9472	140
3093	140
7571	140
875	140
1474	140
8715	140
12210	140
12159	140
1636	140
2016	140
13997	140
1557	140
6967	140
12290	140
3253	140
9821	140
12050	140
6963	140
6643	140
5328	140
12576	140
2290	140
4090	140
2407	140
1055	140
1935	140
4104	140
710	140
4719	140
4035	140
2116	140
14942	140
3550	140
11432	140
2316	140
13042	140
7369	140
13515	140
9493	140
83	140
438	140
9285	140
6406	140
12539	140
11146	140
11215	140
2647	140
14330	140
7287	140
12237	140
2063	140
937	140
13825	140
7959	140
954	140
5035	140
13187	140
411	140
6803	140
11611	140
381	140
9429	140
14626	140
10035	140
14576	140
1616	140
10448	140
11334	140
13783	140
5746	140
5660	140
7843	140
6714	140
11792	140
10678	140
3740	140
10796	140
8978	140
4678	140
4530	140
12950	140
1829	140
1149	140
9529	140
6486	140
5896	140
6695	140
5342	140
4837	140
25	140
11478	140
4717	140
2858	140
3206	140
3002	140
777	140
10579	140
3804	140
13218	140
9091	140
828	140
13912	140
10259	140
10519	140
6182	140
12365	140
7534	140
10581	140
1137	140
268	140
15050	140
2986	140
6799	140
10257	140
11649	140
9343	140
14144	140
14222	140
11600	140
12720	140
310	140
3845	140
11303	140
13495	140
7995	140
14982	140
11517	140
12893	140
13210	140
8538	140
13537	140
13584	140
9550	140
5375	140
8983	140
7031	140
783	140
11679	140
13921	140
9778	140
8284	140
12737	140
11066	140
979	140
9136	140
6987	140
9140	140
8724	140
9872	140
10773	140
11802	140
6920	140
10702	140
1191	140
11886	140
14860	140
15009	140
3705	140
8420	140
8424	140
1979	140
5183	140
1859	140
4889	140
1198	140
14307	140
12177	140
11548	140
2492	140
10340	140
1006	140
10633	140
3899	140
5912	140
13568	140
14069	140
5451	140
5374	140
13180	140
13254	140
5007	140
2880	140
14706	140
5509	143
5643	143
3203	143
2886	143
6714	143
13599	143
1492	143
11777	143
3517	143
11863	143
10678	143
13997	143
3705	143
14815	143
6963	143
9474	143
11	143
2429	143
4587	143
11334	143
8424	143
1557	143
8767	143
1954	143
13314	143
6762	143
6932	143
1553	143
1955	143
2239	143
11587	143
5214	143
11427	143
875	143
1149	143
2996	143
8211	143
9529	143
3923	143
25	143
4216	143
14518	143
917	143
3422	143
14716	143
5746	143
12847	143
7969	143
10982	143
13921	143
12631	143
2986	143
13551	143
4481	143
9429	143
490	143
10257	143
13283	143
979	143
12929	143
9850	143
12290	143
12893	143
8197	143
6967	143
411	143
6863	143
6760	143
12971	143
3945	143
1198	143
13132	143
13784	143
12879	143
12159	143
6391	143
6678	143
1961	143
6179	143
3206	143
3002	143
4234	143
7250	143
1191	143
11886	143
13327	143
12272	143
13119	143
137	143
1527	143
13030	143
14307	143
6406	143
12683	143
997	143
14069	143
10701	143
2140	143
10259	143
12061	143
10340	143
14620	143
14839	143
1715	143
7097	143
13165	143
10229	349
2647	349
10230	349
13599	349
7408	349
7377	349
14414	349
6588	349
8745	349
13568	349
14500	349
4090	349
9794	349
4872	349
3347	349
11427	349
1493	349
12960	349
873	349
512	349
1829	349
6880	349
9474	349
14525	349
5011	349
1651	349
10588	349
12478	349
3492	349
4289	349
4333	349
10947	349
13741	349
13499	349
10340	349
14487	349
12791	349
710	349
15050	349
14488	349
11602	349
12237	349
10760	349
8591	349
9231	349
14390	349
411	349
4234	349
7250	349
6405	349
11953	349
917	349
11863	349
10678	349
6502	349
10729	349
843	349
5823	349
1341	349
8767	349
12879	349
7338	349
10448	349
5660	349
7843	349
13283	349
6863	349
13278	349
13193	349
6463	349
13651	349
2675	349
14295	349
7031	349
1302	349
6182	349
1149	349
875	349
1944	349
2549	349
485	349
14585	349
1553	349
1955	349
25	349
8998	349
12737	349
8284	349
9850	349
12929	349
13217	349
9976	349
6285	349
2492	349
8424	349
12159	349
14956	349
9565	349
2053	349
5451	349
5374	349
14152	349
4844	349
10366	349
12802	2404
9397	2404
12290	2404
958	2404
14295	2404
13651	2404
3791	2404
8767	2404
7613	2404
12507	2404
349	2404
3705	2404
14803	2404
14044	2404
14956	2404
8197	2404
11607	2404
3438	2404
7412	2404
1137	2404
12407	2404
5994	2404
6809	2404
4580	2404
5214	2404
10230	2404
9284	2404
10448	2404
2675	2404
11421	2404
10894	2404
2844	2404
14160	2404
3517	2404
10391	2404
12893	2404
1141	2404
24	2404
3120	2404
3584	2404
9446	2404
1557	2404
13325	2404
12248	2404
2738	2404
917	2404
4053	2404
8452	2404
3570	2404
7010	2404
7070	2404
3312	2404
6932	2404
15027	2404
162	2404
14322	2404
5398	2404
14280	2404
1961	2404
4718	2404
5701	2404
6553	2404
348	2404
10982	2404
10394	2404
2658	2404
12054	2404
6250	2404
11648	2404
5704	2404
9181	2404
14376	2404
7009	2404
10930	2404
6009	2404
3778	2404
7918	2404
5780	2404
3056	2404
13017	2404
11146	2404
7287	2404
1474	2404
11215	2404
4307	2404
472	2404
1531	2404
15008	2404
14372	2404
12159	2404
4287	2404
3193	2404
2576	2404
13599	2404
5383	2404
7637	2404
10953	2404
3550	2404
8650	2404
14942	2404
11432	2404
2985	2404
2441	2404
4751	2404
1954	2404
4104	2404
9487	2404
10092	2404
9595	2404
12190	2404
6373	2404
4381	2404
11003	2404
13551	2404
12034	2404
5746	2404
9474	2404
9518	2404
9106	2404
1665	2404
600	2404
8110	2404
11221	2404
7051	2404
3870	2404
5441	2404
14287	2404
12068	2404
10466	2404
11777	2404
11194	2404
11532	2404
8410	2404
9019	2404
2523	2404
3393	2404
6709	2404
14127	2404
690	2404
11818	2404
14579	2404
2943	2404
13902	2404
14737	2404
2203	2404
11864	2404
2399	2404
8368	2404
4709	2404
10615	2404
8884	2404
6046	2404
14540	2404
14459	2404
7554	2404
7546	2404
10522	2404
13490	2404
7600	2404
14648	2404
8539	2404
2544	2404
10678	2404
11863	2404
3377	2404
1928	2404
6643	2404
6240	2404
13218	2404
5166	2404
13296	2404
3002	2404
3206	2404
13940	2404
1784	2404
3324	2404
1616	2404
7492	2404
140	2404
1394	2404
4122	2404
6330	2404
8353	2404
7634	2404
2880	2404
14234	2404
875	2404
1149	2404
13865	2404
8376	2404
3987	2404
13177	2404
6734	2404
14317	2404
14166	2404
5754	2404
7203	2404
2131	2404
13217	2404
6361	2404
1180	2404
7889	2404
773	2404
6040	2404
2323	2404
1350	2404
7143	2404
10159	2404
14542	2404
5428	2404
10366	2404
10094	2404
4844	2404
13696	2404
13267	2404
25	2404
12661	2404
7464	2404
5011	2404
5115	2404
3788	2404
11787	2404
13306	3170
4872	3170
6145	3170
1780	3170
13551	3170
1321	3170
3347	3170
637	3170
12981	3170
1037	3170
10994	3170
12720	3170
8047	3170
6547	3170
1230	3170
13482	3170
3088	3170
2407	3170
3334	3170
13651	3170
6351	3170
1055	3170
5552	3170
13724	3170
8731	3170
6055	3170
12237	3170
11	3170
5210	3170
11323	3170
3187	3170
12858	3170
13018	3170
10982	3170
1137	3170
14295	3170
1557	3170
6871	3170
4272	3170
10687	3170
9911	3170
8871	3170
12791	3170
13355	3170
4072	3170
15035	3170
11910	3170
8049	3170
12603	3170
11427	3170
7408	3170
14157	3170
937	3170
1492	3170
12693	3170
8170	3170
691	3170
928	3170
13292	3170
11256	3170
7613	3170
3132	3170
647	3170
10397	3170
4035	3170
4791	3170
83	3170
14414	3170
8745	3170
2658	3170
882	3170
14201	3170
2840	3170
4697	3170
6696	3170
13229	3170
11839	3170
4879	3170
14383	3170
4706	3170
2722	3170
3501	3170
14161	3170
13568	3170
4335	3170
760	3170
10230	3170
13599	3170
6932	3170
13726	3170
1341	3170
5214	3170
10855	3170
7464	3170
3431	3170
8721	3170
13763	3170
4857	3170
13887	3170
5444	3170
12059	3170
4357	3170
4587	3170
7595	3170
6312	3170
13354	3170
7534	3170
979	3170
2441	3170
6341	3170
13778	3170
12290	3170
213	3170
15033	3170
458	3170
12576	3170
622	3170
13283	3170
2429	3170
11894	3170
9022	3170
14699	3170
1420	3170
11430	3170
7609	3170
345	3170
13217	3170
5265	3170
14005	3170
3517	3170
14308	3170
9474	3170
10588	3170
12676	3170
7324	3170
11792	3170
7338	3170
13287	3170
14657	3170
12178	3170
2128	3170
12050	3170
13069	3170
1817	3170
14001	3170
10844	3170
1555	3170
3883	3170
2016	3170
11598	3170
9596	3170
12536	3170
8576	3170
4754	3170
9055	3170
6777	3170
917	3170
10116	3170
11644	3170
12750	3170
10259	3170
9527	3170
1829	3170
3914	3170
3550	3170
12217	3170
11602	3170
2947	3170
2986	3170
875	3170
7798	3170
6863	3170
2523	3170
6967	3170
11633	3170
6880	3170
10827	3170
13193	3170
4170	3170
12668	3170
12162	3170
8030	3170
8197	3170
268	3170
14643	3170
13854	3170
12054	3170
12847	3170
13167	3170
4561	3170
7287	3170
8184	3170
1046	3170
4952	3170
2996	3170
14871	3170
13610	3170
11863	3170
1553	3170
10951	3170
10379	3170
9272	3170
14059	3170
5342	3170
8646	3170
8767	3170
15015	3170
8258	3170
753	3170
12148	3170
1623	3170
1951	3170
12607	3170
828	3170
6272	3170
10014	3170
11128	3170
3442	3170
1515	3170
5383	3170
9490	3170
11649	3170
1398	3170
2777	3170
12142	3170
8285	3170
606	3170
6528	3170
13278	3170
7454	3170
7904	3170
11303	3170
3845	3170
8418	3170
9830	3170
8124	3170
7725	3170
8209	3170
7486	3170
6214	3170
6752	3170
11457	3170
8424	3170
12893	3170
3787	3170
6183	3170
10394	3170
8284	3170
5115	3170
10400	3170
14956	3170
8650	3170
8052	3170
710	3170
13162	3170
162	3170
11146	3170
1155	3170
9356	3170
1428	3170
9493	3170
4850	3170
12809	3170
11886	3170
10484	3170
1954	3170
7758	3170
3206	3170
14925	3170
2981	3170
11869	3170
8705	3170
11455	3170
1845	3170
1608	3170
6019	3170
3651	3170
137	3170
6643	3170
8275	3170
5328	3170
11270	3170
12070	3170
7971	3170
12626	3170
8735	3170
5683	3170
13042	3170
1753	3170
6361	3170
5515	3170
3249	3170
6479	3170
13916	3170
8340	3170
8616	3170
8875	3170
2544	3170
3355	3170
2470	3170
9451	3170
6541	3170
11937	3170
2482	3170
12091	3170
7843	3170
874	3170
8231	3170
201	3170
8267	3170
12960	3170
9702	3170
10444	3170
5611	3170
13296	3170
6732	3170
14160	3170
13159	3170
2140	3170
1979	3170
843	3170
3705	3170
14685	3170
4960	3170
11597	3170
13687	3170
10930	3170
1723	3170
2038	3170
5871	3170
15060	3170
7636	3170
12543	3170
4184	3170
4086	3170
8922	3170
5412	3170
5701	3170
8738	3170
2578	3170
4719	3170
13089	3170
14397	3170
7164	3170
15008	3170
12949	3170
2386	3170
11979	3170
8618	3170
652	3170
14499	3170
6223	3170
11607	3170
3401	3170
270	3170
7964	3170
13052	3170
2438	3170
8976	3170
6429	3170
14716	3170
739	3170
10448	3170
4616	3170
640	3170
9872	3170
5849	3170
10777	3170
37	3170
14251	3170
5761	3170
6603	3170
6809	3170
10737	3170
14220	3170
8358	3170
9850	3170
13792	3170
13760	3170
7571	3170
2455	3170
5637	3170
11864	3170
1474	3170
2912	3170
5994	3170
7214	3170
6441	3170
9858	3170
7250	3170
2999	3170
9821	3170
10603	3170
3499	3170
3047	3170
1566	3170
12365	3170
1098	3170
12159	3170
11215	3170
2434	3170
5990	3170
6624	3170
7990	3170
3193	3170
4287	3170
9930	3170
2372	3170
5647	3170
12075	3170
2631	3170
15012	3170
8464	3170
2620	3170
13666	3170
8591	3170
6497	3170
7227	3170
7731	3170
6306	3170
1812	3170
1562	3170
2885	3170
6865	3170
13505	3170
2290	3170
10731	3170
1063	3170
3945	3170
2859	3170
6198	3170
10676	3170
687	3170
4176	3170
7201	3170
5822	3170
3630	3170
2880	3170
14854	3170
12063	3170
2528	3170
689	3170
994	3170
2411	3170
7330	3170
14164	3170
1175	3170
13921	3170
9979	3170
4487	3170
11183	3170
13017	3170
4758	3170
1270	3170
5011	3170
12624	3170
10022	3170
9384	3170
12953	3170
7515	3170
11432	3170
14942	3170
2985	3170
14816	3170
10679	3170
5355	3170
11891	3170
4381	3170
11732	3170
11684	3170
2984	3170
6574	3170
14658	3170
7377	3170
11105	3170
4469	3170
1944	3170
9135	3170
12452	3170
9487	3170
10092	3170
4864	3170
13627	3170
3903	3170
2647	3170
12591	3170
7584	3170
12233	3170
2860	3170
2516	3170
11719	3170
10739	3170
11126	3170
8273	3170
3123	3170
7863	3170
7712	3170
11988	3170
1651	3170
10340	3170
756	3170
11896	3170
3746	3170
873	3170
3002	3170
11334	3170
6963	3170
12343	3170
11611	3170
12198	3170
10600	3170
14222	3170
6883	3170
3393	3170
13216	3170
5521	3170
9196	3170
10299	3170
11282	3170
2712	3170
8915	3170
1015	3170
11061	3170
11859	3170
13180	3170
4391	3170
1145	3170
9463	3170
42	3170
4234	3170
4889	3170
154	3170
11918	3170
13912	3170
1873	3170
2062	3170
14918	3170
13330	3170
1264	3170
13254	3170
6714	3170
512	3170
11777	3170
2703	3170
523	3170
2941	3170
4785	3170
6715	3170
9343	3170
7218	3170
673	3170
11756	3170
437	3170
8729	3170
9587	3170
9765	3170
2603	3170
14144	3170
5682	3170
10253	3170
1559	3170
10678	3170
6083	3170
4565	3170
7063	3170
11472	3170
12141	3170
2484	3170
13997	3170
9782	3170
10295	3170
13940	3170
1961	3170
7369	3170
14117	3170
5746	3170
9764	3170
3	3170
4216	3170
4578	3170
14084	3170
7969	3170
8983	3170
1912	3170
1955	3170
6960	3170
13218	3170
4050	3170
3052	3170
3042	3170
558	3170
12717	3170
5422	3170
15050	3170
25	3170
4481	3170
10094	3170
9441	3170
10391	3170
9917	3170
2675	3170
2492	3170
11019	3170
11668	3170
8343	3170
8515	3170
12369	3170
12988	3170
6799	3170
777	3170
1149	3170
2131	3170
5660	3170
13377	3170
8587	3170
1894	3170
12354	3170
431	3170
10958	3170
7082	3170
14911	3170
8120	3170
10522	3170
1839	3170
1416	3170
12737	3170
2844	3170
8415	3170
8696	3170
4929	3170
6034	3170
8492	3170
9075	3170
11071	3170
11873	3170
12879	3170
7031	3170
12537	3170
10713	3170
12929	3170
10975	3170
140	3170
10773	3170
6920	3170
11802	3170
13127	3170
4923	3170
11533	3170
13210	3170
14525	3170
1083	3170
8074	3170
10665	3170
4926	3170
9976	3170
12895	3170
5573	3170
43	3170
8840	3170
9479	3170
10893	3170
7421	3170
10428	3170
3843	3170
13801	3170
1198	3170
4047	3170
8693	3170
4985	3170
10675	3170
9651	3170
11218	3170
14839	3170
2392	3170
577	3170
5166	3170
411	3170
12396	3170
9231	3170
563	3170
2088	3170
4299	3170
14138	3170
14613	3170
10549	3170
12636	3170
12449	3170
13345	3170
2399	3170
9019	3170
958	3170
3315	3170
5375	3170
7519	3170
7010	3170
9856	3170
3140	3170
182	3170
12965	3170
15092	3170
8123	3170
5982	3170
11625	3170
10405	3170
4736	3170
4215	3170
4903	3170
14696	3170
9755	3170
11953	3170
2357	3170
14860	3170
664	3170
13620	3170
148	3170
4455	3170
1191	3170
11295	3170
11754	3170
9715	3170
1620	3170
12111	3170
14074	3170
8276	3170
12545	3170
3009	3170
15073	3170
6760	3170
2468	3170
10925	3170
1334	3170
5183	3170
14620	3170
7097	3170
13117	3170
4237	3170
13634	3170
8680	3170
2203	3170
12661	3170
8262	3170
815	3170
7093	3170
12845	3170
7930	3170
9181	3170
9211	3170
10366	3170
4844	3170
2323	3170
4396	3170
1662	3170
5780	3170
773	3170
5915	3170
7889	3170
5716	3170
10996	3170
1928	3405
6932	3405
2429	3405
1557	3405
6809	3405
3883	3405
753	3405
3517	3405
10014	3405
3659	3405
10448	3405
10230	3405
2777	3405
4706	3405
10614	3405
10567	3405
1063	3405
1055	3405
6880	3405
10957	3405
7408	3405
1420	3405
13599	3405
12159	3405
10982	3405
11792	3405
1829	3405
12237	3405
937	3405
14061	3405
14173	3405
9091	3405
13480	3405
5814	3405
1042	3405
13019	3405
3072	3405
5716	3405
12407	3405
1944	3405
5214	3405
12576	3405
11894	3405
1230	3405
10259	3405
345	3405
11602	3405
14956	3405
1493	3405
7803	3405
6183	3405
3187	3405
5556	3405
8871	3405
14005	3405
11777	3405
2441	3405
7058	3405
13524	3405
4943	3405
3463	3405
12789	3405
6643	3405
3499	3405
741	3405
5031	3405
3765	3405
2125	3405
619	3405
4728	3405
928	3405
14578	3405
12369	3405
4090	3405
1321	3405
8767	3405
10328	3405
1155	3405
12398	3405
3419	3405
9181	3405
12624	3405
4587	3405
13551	3405
12217	3405
14210	3405
9354	3405
9284	3405
9858	3405
2434	3405
5398	3405
1954	3405
10423	3405
917	3405
2722	3405
3501	3405
1553	3405
11	3405
1492	3405
3400	3405
5871	3405
1474	3405
2791	3405
213	3405
11215	3405
5390	3405
2996	3405
4719	3405
11521	3405
709	3405
7534	3405
2858	3405
710	3405
8906	3405
6384	3405
9474	3405
2986	3405
1616	3405
6777	3405
12858	3405
2813	3405
4035	3405
4565	3405
4925	3405
14154	3405
11863	3405
4298	3405
11644	3405
7424	3405
5431	3405
12981	3405
137	3405
4053	3405
3183	3405
2738	3405
13216	3405
8798	3405
12050	3405
9463	3405
12070	3405
4216	3405
6208	3405
2658	3405
1625	3405
3746	3405
10399	3405
9372	3405
3206	3405
11421	3405
9821	3405
2482	3405
11825	3405
13887	3405
2088	3405
10731	3405
6743	3405
14295	3405
3355	3405
7983	3405
424	3405
4288	3405
12148	3405
7959	3405
9446	3405
3584	3405
4072	3405
10116	3405
10588	3405
9351	3405
10393	3405
7798	3405
6597	3405
4952	3405
12007	3405
9451	3405
12893	3405
13631	3405
8650	3405
5342	3405
9203	3405
13847	3405
14201	3405
1322	3405
12791	3405
15058	3405
2316	3405
7743	3405
10820	3405
13854	3405
12091	3405
14566	3405
13283	3405
9527	3405
7287	3405
6846	3405
8049	3405
7352	3405
8724	3405
10257	3405
11517	3405
3522	3405
5098	3405
12720	3405
8599	3405
11146	3405
3914	3405
11128	3405
3442	3405
7571	3405
2038	3405
15015	3405
2613	3405
7214	3405
13017	3405
12054	3405
3468	3405
13921	3405
8231	3405
875	3405
1636	3405
1375	3405
12603	3405
14923	3405
3521	3405
2488	3405
10796	3405
7427	3405
12847	3405
7037	3405
2424	3405
6766	3405
11598	3405
7028	3405
8721	3405
2407	3405
2257	3405
3674	3405
3047	3405
10737	3405
1566	3405
4872	3405
15035	3405
7595	3405
268	3405
8464	3405
2438	3405
1046	3405
13634	3405
11359	3405
8536	3405
6306	3405
6976	3405
3864	3405
5761	3405
1951	3405
14643	3405
13505	3405
10844	3405
2290	3405
6703	3405
6559	3405
13162	3405
12290	3405
8284	3405
6324	3405
4176	3405
12988	3405
14579	3405
4290	3405
5849	3405
8735	3405
13292	3405
3204	3405
12000	3405
6240	3405
9384	3405
10022	3405
7369	3405
13167	3405
3550	3405
2985	3405
11432	3405
14942	3405
4492	3405
13724	3405
8522	3405
9778	3405
2808	3405
13651	3405
10855	3405
3140	3405
12357	3405
882	3405
4104	3405
11633	3405
2859	3405
10571	3405
6272	3405
954	3405
2140	3405
3123	3405
9397	3405
14657	3405
3347	3405
10304	3405
5383	3405
5780	3405
10094	3405
3002	3405
6799	3405
13997	3405
11334	3405
6963	3405
14144	3405
979	3405
5746	3405
6256	3405
8983	3405
5185	3405
3845	3405
3788	3405
11859	3405
7291	3405
5823	3405
14839	3405
687	3405
8915	3405
1149	3405
25	3405
3944	3405
869	3405
12059	3405
6833	3405
13912	3405
3422	3405
13132	3405
15050	3405
1685	3405
2521	3405
1779	3405
5007	3405
11668	3405
14161	3405
783	3405
5948	3405
12890	3405
12737	3405
12287	3405
9137	3405
13218	3405
2516	3405
8424	3405
12613	3405
10678	3405
11427	3405
11366	3405
13601	3405
4960	3405
10035	3405
13940	3405
13412	3405
8090	3405
4717	3405
8811	3405
8883	3405
7031	3405
9343	3405
11649	3405
8538	3405
13537	3405
13584	3405
11604	3405
11607	3405
10391	3405
7236	3405
2844	3405
6034	3405
9700	3405
7712	3405
3305	3405
9782	3405
4889	3405
9380	3405
1801	3405
10340	3405
8095	3405
3393	3405
2523	3405
13568	3405
6863	3405
14860	3405
13278	3405
606	3405
12348	3405
8109	3405
1651	3405
3253	3405
5986	3405
13071	3405
2056	3405
6960	3405
2842	3405
2880	3405
8978	3405
3102	3405
4923	3405
4546	3405
411	3405
9231	3405
2549	3405
450	3405
6182	3405
558	3405
1341	3405
11489	3405
11762	3405
5393	3405
9135	3405
6714	3405
3829	3405
12761	3405
13687	3405
12396	3405
14179	3405
13784	3405
10474	3405
3297	3405
756	3405
9490	3405
10299	3405
14160	3405
1137	3405
2343	3405
13645	3405
8197	3405
2540	3405
14699	3405
11953	3405
2357	3405
13060	3405
7377	3405
7933	3405
7046	3405
12917	3405
1014	3405
2555	3405
11597	3405
14147	3405
485	3405
3945	3405
2886	3405
4902	3405
13865	3405
1191	3405
11886	3405
8262	3405
142	3405
10522	3405
7454	3405
843	3405
14982	3405
6316	3405
14372	3405
10893	3405
2240	3405
6502	3405
15030	3405
3216	3405
9970	3405
54	3405
947	3405
8290	3405
3705	3405
5375	3405
12843	3405
1237	3405
11793	3405
4075	3405
1555	3405
4335	3405
760	3405
12452	3405
3245	3405
12833	3405
14033	3405
14924	4075
4518	4075
12569	4075
12676	4075
12495	4075
7408	4075
9145	4075
12507	4075
3249	4075
7527	4075
7377	4075
6347	4075
10855	4075
14783	4075
11943	4075
7753	4075
9354	4075
12237	4075
10025	4075
6703	4075
13606	4075
9475	4075
1951	4075
7010	4075
7534	4075
11863	4075
12407	4075
14687	4075
11427	4075
7031	4075
12791	4075
10994	4075
10737	4075
5210	4075
13193	4075
12591	4075
12761	4075
10678	4075
2600	4075
6963	4075
12107	4075
13792	4075
12168	4075
1605	4075
229	4075
7227	4075
3301	4075
14542	4075
2260	4075
1484	4075
10340	4075
710	4075
15050	4075
5584	4075
1955	4075
1553	4075
7947	4075
5979	4075
1249	4075
10571	4075
13687	4075
680	4075
11334	4075
4587	4075
6559	4075
12608	4075
6988	4075
9935	4075
9347	4075
11597	4075
13912	4075
13217	4075
14011	4075
4717	4075
10948	4075
6641	4075
6182	4075
12814	4075
12960	4075
873	4075
10494	4075
10754	4075
12288	4075
67	4075
1198	4075
828	4075
5660	4075
7843	4075
13619	4075
5896	4075
10485	4075
3642	4075
14713	4075
3270	4075
4650	4075
8813	4075
1420	4075
11792	4075
8052	4075
13760	4075
13980	4075
9979	4075
4022	4075
13671	4075
14385	4075
12136	4075
13117	4075
4038	4075
2463	4075
713	4075
7338	4075
10272	4075
8570	4075
1651	4075
10588	4075
7476	4075
2033	4075
12481	4075
4262	4075
2658	4075
5367	4075
10223	4075
10366	4075
1690	4075
4844	4075
5344	4075
4912	4075
13029	4075
9097	4075
9970	4075
9721	4075
3488	4075
10796	4075
13642	4075
11269	4075
6230	4075
1086	4075
875	4075
13162	4075
1149	4075
9930	4075
1365	4075
11315	4075
5214	4075
2452	4075
3596	4075
11126	4075
14074	4075
5994	4075
9166	4075
7097	4075
8424	4075
14620	4075
1816	4075
3603	4075
6650	4075
6463	4075
14982	4075
1302	4075
9855	4075
13782	4075
7466	4075
711	4075
6497	4075
11621	4075
5509	4075
9952	4075
11668	4075
5837	4075
10198	4075
8927	4075
10757	4075
6045	4075
14839	4075
14925	4075
7687	4075
8745	4075
11222	4075
9743	4075
13795	4075
14166	4075
14059	4075
4768	4075
6504	4075
11482	4075
3492	4075
12478	4075
10259	4075
14617	4075
1112	4075
6791	4075
9203	4075
3741	4075
1801	4075
8368	4075
5655	4075
4960	4075
11576	4075
4944	4075
2523	4075
3393	4075
13032	4075
3546	4075
8568	4075
4147	4075
1567	4075
7619	4075
2316	4075
12354	4075
1894	4075
7760	4075
9764	4075
4872	4075
14161	4075
25	4075
7020	4238
13658	4238
3517	4238
13011	4238
11332	4238
11457	4238
1492	4238
3914	4238
6643	4238
8934	4238
12407	4238
6932	4238
6183	4238
1954	4238
10230	4238
1951	4238
3659	4238
3442	4238
1887	4238
2216	4238
15008	4238
647	4238
5383	4238
1829	4238
6956	4238
2859	4238
637	4238
5214	4238
6416	4238
13551	4238
9749	4238
3693	4238
2482	4238
1321	4238
4719	4238
7637	4238
10982	4238
2429	4238
1557	4238
13599	4238
1055	4238
875	4238
8197	4238
3550	4238
2441	4238
2985	4238
11432	4238
14942	4238
8650	4238
14059	4238
11146	4238
10014	4238
10448	4238
13019	4238
14685	4238
10567	4238
411	4238
4587	4238
9231	4238
11777	4238
1616	4238
11	4238
9474	4238
11792	4238
1420	4238
5451	4238
2434	4238
12576	4238
6880	4238
5442	4238
11602	4238
7037	4238
9764	4238
6703	4238
9765	4238
8767	4238
11611	4238
14706	4238
4035	4238
10035	4238
5814	4238
84	4238
11453	4238
12412	4238
10865	4238
2996	4238
9433	4238
6406	4238
14999	4238
14271	4238
6660	4238
6695	4238
11334	4238
519	4238
6884	4238
14038	4238
2836	4238
12059	4238
13283	4238
2791	4238
1946	4238
9137	4238
12159	4238
9596	4238
227	4238
1886	4238
12838	4238
14463	4238
5746	4238
2986	4238
12907	4238
6963	4238
11859	4238
7232	4238
410	4238
687	4238
3211	4238
1801	4238
8396	4238
11478	4238
10678	4238
11863	4238
12950	4238
4090	4238
4104	4238
7216	4238
10352	4238
4717	4238
3705	4238
1149	4238
13921	4238
6881	4238
3600	4238
1692	4238
9584	4238
9289	4238
13187	4238
7424	4238
3190	4238
9429	4238
6725	4238
8644	4238
5716	4238
12217	4238
6256	4238
14925	4238
13724	4238
7712	4238
12858	4238
7515	4238
13054	4238
9490	4238
10340	4238
4546	4238
5393	4238
14144	4238
13208	4238
1626	4238
863	4238
828	4238
6169	4238
1973	4238
6949	4238
11506	4238
10951	4238
11924	4238
10893	4238
9850	4238
783	4238
7866	4238
25	4238
6791	4238
9203	4238
4081	4238
9858	4238
7921	4238
13645	4238
12091	4238
6851	4238
2858	4238
3206	4238
3002	4238
6714	4238
4967	4238
14390	4238
9091	4238
10820	4238
10581	4238
12736	4238
1145	4238
1046	4238
9463	4238
4391	4238
10094	4238
268	4238
6803	4238
1753	4238
14166	4238
9996	4238
5083	4238
3416	4238
13110	4238
12554	4238
15050	4238
710	4238
4	4238
4960	4238
12290	4238
8662	4238
10174	4238
4678	4238
10948	4238
7039	4238
3944	4238
11649	4238
9343	4238
3072	4238
14074	4238
12148	4238
11528	4238
1198	4238
8368	4238
13017	4238
6980	4238
8430	4238
1137	4238
14160	4238
979	4238
1341	4238
14069	4238
777	4238
3216	4238
13069	4238
9550	4238
8725	4238
584	4238
10862	4238
7995	4238
8539	4238
14982	4238
3093	4238
8591	4238
5374	4238
3393	4238
2523	4238
12210	4238
6799	4238
14005	4238
1636	4238
2016	4238
6967	4238
6441	4238
3253	4238
10394	4238
8049	4238
5823	4238
4889	4238
6182	4238
13725	4238
12928	4238
7268	4238
12024	4238
2267	4238
3307	4238
9136	4238
3797	4238
10257	4238
4461	4238
11593	4238
5495	4238
10760	4238
14350	4238
10588	4238
1651	4238
6272	4238
2675	4238
4101	4238
3985	4238
5341	4238
14956	4238
12070	4238
2544	4238
11905	4238
6496	4238
4036	4238
14720	4238
10779	4238
9255	4238
10149	4238
3522	4238
13216	4238
1191	4238
11886	4238
1961	4238
6922	4238
8459	4238
589	4238
2407	4238
1399	4238
5281	4238
9384	4238
14307	4238
873	4238
12960	4238
3419	4238
3845	4238
1006	4238
5210	4238
2477	4238
8424	4238
9184	4238
4484	4238
4233	4238
7762	4238
14406	4238
8679	4238
11833	4238
3	4238
13254	4238
12102	4238
11937	4238
954	4238
13377	4238
2327	4238
10006	4238
11939	4238
6833	4238
5848	4238
6064	4238
11308	4238
5124	4238
12802	4644
14295	4644
4307	4644
1137	4644
8197	4644
11607	4644
7613	4644
13325	4644
15008	4644
14803	4644
8860	4644
12576	4644
13651	4644
13257	4644
1961	4644
6141	4644
4470	4644
10391	4644
3183	4644
6809	4644
9713	4644
8452	4644
10159	4644
5780	4644
958	4644
2551	4644
1557	4644
600	4644
8110	4644
9518	4644
11221	4644
9106	4644
7051	4644
3870	4644
1665	4644
10894	4644
7554	4644
13218	4644
3438	4644
12054	4644
11421	4644
14160	4644
6750	4644
7010	4644
6591	4644
4718	4644
4009	4644
8587	4644
15027	4644
3874	4644
3570	4644
5428	4644
6709	4644
24	4644
9019	4644
6932	4644
7070	4644
5398	4644
2365	4644
12290	4644
3312	4644
2844	4644
12248	4644
3584	4644
14322	4644
14956	4644
9446	4644
3778	4644
12893	4644
9391	4644
12393	4644
83	4644
7531	4644
472	4644
4053	4644
8030	4644
12121	4644
3156	4644
6553	4644
9184	4644
9365	4644
3807	4644
2813	4644
6549	4644
4288	4644
12407	4644
8767	4644
637	4644
13910	4644
4189	4644
8666	4644
6597	4644
10820	4644
3206	4644
8539	4644
162	4644
10982	4644
2523	4644
10258	4644
11	4644
10930	4644
10092	4644
6009	4644
7918	4644
11675	4644
10913	4644
9905	4644
10615	4644
14372	4644
1531	4644
10588	4644
7637	4644
4758	4644
6967	4644
12638	4644
9514	4644
3822	4644
9825	4644
1495	4644
3864	4644
1115	4644
2880	4644
4616	4644
3134	4644
4381	4644
12759	4644
5383	4644
3001	4644
12668	4644
13482	4644
13017	4644
7287	4644
8650	4644
10737	4644
1636	4644
3193	4644
4287	4644
11179	4644
2620	4644
7546	4644
3828	4644
9272	4644
1702	4644
13551	4644
2290	4644
13505	4644
12603	4644
14643	4644
10844	4644
14868	4644
12063	4644
689	4644
2528	4644
14854	4644
9181	4644
2140	4644
2970	4644
7647	4644
12818	4644
3517	4644
4490	4644
13599	4644
5589	4644
5241	4644
12507	4644
14895	4644
2203	4644
8738	4644
11863	4644
2516	4644
3056	4644
13632	4644
12624	4644
6643	4644
5754	4644
11215	4644
13593	4644
9620	4644
10953	4644
13069	4644
3401	4644
4071	4644
6752	4644
874	4644
1954	4644
4104	4644
12159	4644
12237	4644
12949	4644
2466	4644
274	4644
606	4644
3120	4644
14462	4644
5115	4644
1420	4644
6863	4644
2675	4644
12034	4644
7957	4644
4642	4644
11194	4644
10060	4644
11146	4644
11818	4644
348	4644
4122	4644
1394	4644
13177	4644
9837	4644
4497	4644
13584	4644
3297	4644
3786	4644
10174	4644
10522	4644
639	4644
4709	4644
7634	4644
5649	4644
6472	4644
12396	4644
9006	4644
14877	4644
10243	4644
3393	4644
2399	4644
338	4644
8353	4644
13296	4644
1568	4644
10000	4644
6500	4644
3490	4644
11864	4644
8724	4644
6427	4644
8484	4644
13713	4644
10094	4644
14194	4644
8884	4644
10208	4644
577	4644
6230	4644
5734	4644
11532	4644
12354	4644
9949	4644
6035	4644
10280	4644
5746	4644
12343	4644
54	4644
7921	4644
2407	4644
5166	4644
13581	4644
253	4644
4751	4644
9982	4644
4012	4644
10546	4644
13216	4644
8368	4644
1415	4644
7899	4644
1364	4644
1616	4644
12462	4644
2947	4644
6366	4644
5807	4644
8010	4644
8886	4644
14542	4644
8376	4644
12720	4644
8052	4644
4064	4644
4903	4644
3656	4644
140	4644
10590	4644
1155	4644
2225	4644
14138	4644
1350	4644
7143	4644
3885	4644
4035	4644
2707	4644
5574	4644
3377	4644
12335	4644
11065	4644
148	4644
3135	4644
10675	4644
10132	4644
9248	4644
14875	4644
1046	4644
12070	4644
13537	4644
8538	4644
7418	4644
7816	4644
10362	4644
5412	4644
14737	4644
10678	4644
1784	4644
14234	4644
12902	4644
1180	4644
9487	4644
9474	4644
15060	4644
156	4644
11097	4644
12233	4644
1189	4644
8875	4644
8093	4644
14443	4644
12346	4644
2544	4644
2386	4644
7203	4644
2269	4644
9442	4644
4725	4644
11195	4644
4543	4644
10538	4644
6760	4644
2323	4644
13902	4644
12275	4644
875	4644
6317	4644
9228	4644
1651	4644
1149	4644
803	4644
12147	4644
9147	4644
2868	4644
7412	4644
5662	4644
2718	4644
1697	4644
6374	4644
3521	4644
3140	4644
4090	4644
3633	4644
12901	4644
979	4644
25	4644
5411	4644
4794	4644
3419	4644
2780	4644
3847	4644
1474	4644
7279	4644
13568	4644
8424	4644
5210	4644
7794	4644
11295	4644
9410	4644
5876	4792
7408	4792
14157	4792
14585	4792
14414	4792
8724	4792
6871	4792
2404	4792
875	4792
13943	4792
710	4792
12201	4792
11863	4792
14221	4792
1753	4792
13218	4792
1979	4792
6588	4792
13599	4792
6743	4792
7534	4792
12365	4792
1557	4792
5342	4792
7613	4792
12847	4792
9794	4792
8424	4792
15050	4792
1801	4792
7787	4792
10678	4792
3018	4792
8296	4792
14283	4792
2516	4792
12858	4792
5183	4792
6441	4792
14037	4792
12482	4792
13499	4792
5959	4792
12266	4792
7969	4792
13912	4792
8104	4792
584	4792
13889	4792
11886	4792
12149	4792
13133	4792
9928	4792
13651	4792
9038	4792
12695	4792
8655	4792
8197	4792
25	4792
10773	4792
11802	4792
6920	4792
1584	4792
12795	4792
4484	4792
7922	4792
282	4792
12858	8979
11970	8979
13651	8979
8284	8979
1955	8979
1553	8979
15050	8979
710	8979
10678	8979
11863	8979
14613	8979
8424	8979
10588	8979
1651	8979
2516	8979
2658	8979
11668	8979
1894	8979
2131	8979
13024	8979
5375	8979
8174	8979
12960	8979
873	8979
14956	8979
13568	8979
2559	8979
2804	8979
1742	8979
13087	8979
13726	8979
12737	8979
7377	8979
9343	8979
11649	8979
13132	8979
917	8979
9474	8979
11	8979
4889	8979
12354	8979
1198	8979
8464	8979
9764	8979
9805	8979
5555	8979
13778	8979
12591	8979
828	8979
4768	8979
14716	8979
7712	8979
13724	8979
11597	8979
12879	8979
3488	8979
14781	8979
10340	8979
10485	8979
7489	8979
7534	8979
13912	8979
11988	8979
2594	8979
3746	8979
11792	8979
1420	8979
1752	8979
13217	8979
12767	8979
1753	8979
673	8979
10687	8979
14579	8979
4844	8979
10366	8979
12061	8979
11215	8979
6361	8979
14059	8979
5011	8979
8724	8979
8194	8979
7408	8979
13780	8979
1161	8979
6960	8979
391	8979
3347	8979
10259	8979
606	8979
14685	8979
5896	8979
6486	8979
2429	8979
6507	8979
3918	8979
14699	8979
10295	8979
4072	8979
3052	8979
5210	8979
2386	8979
15073	8979
11754	8979
9715	8979
8591	8979
5761	8979
10571	8979
12235	8979
2905	8979
7093	8979
10683	8979
11921	8979
7250	8979
4234	8979
2544	8979
4215	8979
4736	8979
1046	8979
11427	8979
6715	8979
6732	8979
12720	8979
1515	8979
9479	8979
1801	8979
4688	8979
12365	8979
3843	8979
6311	8979
9908	8979
5584	8979
12034	8979
6760	8979
11891	8979
7466	8979
25	8979
11864	8979
2287	8979
10465	8979
3141	8979
8422	8979
1912	8979
10982	8979
12537	8979
9354	8979
11628	8979
512	8979
14620	8979
7097	8979
3790	8979
11610	8979
15060	8979
6988	8979
4926	8979
4587	8979
11334	8979
5982	8979
3009	8979
8978	8979
11802	8979
9979	8979
3987	8979
2523	8979
2540	8979
12830	8979
12251	8979
11371	8979
4237	8979
8343	8979
13687	8979
979	8979
13645	8979
13599	8979
7063	8979
345	8979
7031	8979
875	8979
7571	8979
6643	8979
5052	8979
13218	8979
2095	8979
12901	8979
7338	8979
11953	8979
72	8979
6182	8979
1149	8979
13275	8979
12873	8979
2088	8979
6881	8979
8731	8979
12676	8979
12988	8979
6975	8979
5660	8979
7843	8979
12054	8979
1145	8979
4391	8979
9463	8979
6863	8979
14302	8979
1584	8979
12795	8979
7613	8979
843	8979
9904	8979
10947	8979
4997	8979
4301	8979
9096	8979
10025	8979
11126	8979
12611	8979
14317	8979
1557	8979
4147	8979
14385	8979
13551	8979
14005	8979
2053	8979
11019	8979
2038	8979
7454	8979
9782	8979
10484	8979
3220	8979
8767	8979
2062	8979
3272	8979
3517	8979
9850	8979
7421	8979
12478	8979
3492	8979
1623	8979
11146	8979
13921	8979
12136	8979
8522	8979
8485	8979
7731	8979
9872	8979
10396	8979
589	8979
14946	8979
6410	8979
13339	8979
8729	8979
5274	8979
4837	8979
12076	8979
3187	8979
13019	8979
13801	8979
8203	8979
2059	8979
12070	8979
3419	8979
12107	8979
13792	8979
93	8979
540	8979
2482	8979
3651	8979
14308	8979
5746	8979
1979	8979
11644	8979
11777	8979
7369	8979
13656	8979
2308	8979
13210	8979
5083	8979
12171	8979
13117	8979
13326	8979
5383	8979
1951	8979
14295	8979
2203	8979
9930	8979
213	8979
4396	8979
1662	8979
6932	8979
2675	8979
411	8979
5214	8979
12950	8979
141	8979
11602	8979
7039	8979
9865	8979
5552	8979
14734	8979
5683	8979
13843	8979
8875	8979
4323	8979
2647	8979
6641	8979
5422	8979
7610	8979
10391	8979
11482	8979
13974	8979
11160	8979
5915	8979
9587	8979
13272	8979
11418	8979
12111	8979
4747	8979
4017	8979
13100	8979
7636	8979
10796	8979
15003	8979
12890	8979
4650	8979
1237	8979
10827	8979
13840	8979
2755	8979
13366	8979