0 0
1 0
1 1
1 3
1 4
1 5
1 7
1 8
1 10
1 12
2 0
2 2
2 3
2 4
2 6
2 7
2 11
2 12
3 3
3 5
3 10
3 11
4 2
4 4
4 9
4 10
5 1
5 2
5 3
5 4
5 8
5 9
5 11
6 0
6 2
6 3
6 7
6 8
6 12
7 1
7 6
7 7
7 8
7 11
7 12
8 0
8 5
8 6
8 10
9 4
9 9
10 3
10 4
10 9
11 2
11 3
11 7
11 8
12 1
12 2
12 6
12 7
12 9
13 0
13 1
13 6
14 0
14 4
14 5
14 7
14 12
15 2
15 3
15 4
15 6
15 7
15 9
15 11
16 3
16 10
17 0
17 1
17 2
17 4
17 9
17 10
18 0
18 1
18 4
18 8
18 9
19 0
19 7
19 8
19 9
19 11
19 12
20 1
20 2
20 4
20 6
20 7
20 11
20 12
21 0
21 5
21 6
21 7
21 9
21 10
21 11
22 0
22 2
22 4
23 3
23 7
23 8
24 2
24 3
24 5
24 7
24 8
24 10
25 1
26 0
26 5
27 0
27 4
27 5
27 7
27 12
28 0
28 2
28 3
28 4
28 5
28 6
28 9
28 11
28 12
29 3
29 10
30 9
30 10
31 0
31 1
31 3
31 4
31 6
31 8
31 9
32 2
32 7
33 1
33 6
33 7
34 5
35 4
35 9
35 10
36 3
36 4
36 8
36 9
36 10
36 11
36 12
37 0
37 2
37 3
37 7
37 8
37 10
38 1
39 0
39 3
39 6
40 7
40 12
41 6
41 11
42 2
42 5
42 10
43 2
43 4
43 9
44 8
44 9
44 12
45 0
45 2
45 7
46 6
47 5
47 6
47 11
48 4
48 5
48 9
48 12
49 3
49 4
49 9
49 10
49 11
50 2
51 1
51 5
51 8
51 10
52 0
52 1
52 2
52 4
52 5
52 6
52 8
52 11
53 12
54 0
54 1
54 2
54 3
54 4
54 6
54 7
54 11
55 5
55 10
56 1
56 2
56 9
56 10
57 0
57 1
57 8
57 9
58 7
59 6
59 7
60 5
60 6
60 10
60 11
61 0
61 4
61 9
62 3
62 4
62 11
63 2
63 3
63 8
63 10
64 1
64 5
64 9
64 10
65 0
66 2
66 12
67 11
67 12
68 0
68 1
68 2
68 3
68 5
68 6
68 8
68 10
69 1
69 2
69 9
69 10
70 0
70 1
70 8
70 9
70 10
70 12
71 0
71 2
71 3
71 5
71 7
71 8
71 12
72 1
72 4
72 6
72 10
73 1
73 5
73 9
74 0
74 4
74 8
75 3
75 6
75 7
75 8
75 9
75 12
76 0
76 2
76 6
76 11
77 1
77 5
77 10
78 0
78 4
78 9
79 3
79 8
79 12
80 2
80 7
80 11
80 12
81 10
81 11
81 12
82 1
82 2
82 4
82 5
82 7
82 9
82 10
83 0
83 1
83 3
83 8
83 9
84 0
84 2
84 7
84 8
84 10
84 12
85 1
85 4
85 6
85 7
86 5
86 6
87 4
87 5
87 9
87 10
88 3
88 4
88 6
88 8
88 9
88 10
88 11
88 12
89 0
89 2
89 3
89 7
90 1
90 2
90 6
90 7
91 0
91 1
91 2
91 5
91 6
91 7
91 8
91 11
92 0
92 1
92 4
92 5
92 7
92 10
92 12
93 4
93 11
93 12
94 0
94 1
94 2
94 3
94 5
94 6
94 7
94 8
94 10
95 1
95 5
95 9
95 10
95 11
96 8
96 10
96 12
97 0
97 2
97 3
97 4
97 7
98 6
98 7
98 8
98 11
98 12
99 0
99 5
99 6
99 10
99 11
100 4
100 5
100 9
101 3
101 4
101 5
101 11
102 2
102 3
102 4
102 5
102 6
102 7
102 8
102 10
102 11
103 1
103 2
103 6
103 7
103 9
103 12
104 0
104 1
104 5
104 6
104 8
105 0
105 12
106 3
106 11
106 12
107 2
107 10
107 11
108 9
108 11
108 12
109 0
109 1
109 2
109 6
109 8
109 9
110 7
110 8
111 1
111 6
111 7
111 11
111 12
112 0
112 5
112 7
113 4
113 5
113 9
113 10
114 1
114 3
114 4
114 8
114 12
115 2
115 11
116 1
116 2
116 9
117 0
117 1
117 2
117 3
117 4
117 5
117 6
117 7
117 8
117 9
117 10
117 11
118 0
118 2
118 3
118 4
118 5
118 7
118 8
118 10
118 12
119 3
119 7
119 11
119 12
120 0
120 5
120 10
120 11
121 2
121 4
121 5
121 9
121 10
121 11
122 0
122 1
122 2
122 3
122 8
123 0
123 4
123 7
123 8
123 12
124 1
124 2
124 4
124 6
124 11
125 3
125 5
125 10
125 11
126 4
126 5
127 3
127 4
128 2
128 3
128 7
128 10
128 12
129 1
129 2
129 7
130 0
130 1
130 6
130 7
130 8
131 1
131 4
131 5
131 9
131 12
132 11
132 12
133 2
133 3
133 10
133 11
133 12
134 1
134 2
134 9
134 10
135 0
135 1
135 2
135 3
135 8
135 9
136 7
137 6
137 11
138 1
138 5
138 10
139 4
139 5
140 3
140 8
140 12
141 2
141 3
141 5
141 7
141 8
141 9
141 11
142 1
143 0
143 1
143 2
143 5
143 6
143 8
143 11
144 4
144 5
144 12
145 3
145 4
145 6
145 11
145 12
146 2
146 3
146 10
146 11
147 1
147 9
148 0
148 8
148 9
149 0
149 7
149 8
149 12
150 3
150 6
150 7
150 10
150 11
150 12
151 0
151 1
151 5
152 4
152 5
153 3
153 8
154 2
154 3
154 7
154 8
155 1
155 4
155 6
155 7
155 8
155 11
155 12
156 0
156 1
156 5
156 6
156 8
157 0
157 4
157 5
157 7
157 12
158 3
158 4
158 6
158 11
158 12
159 5
159 10
159 11
159 12
160 1
160 2
160 4
160 9
160 10
161 3
161 8
161 9
162 7
162 8
162 12
163 4
163 6
163 11
163 12
164 5
164 6
164 7
164 8
164 9
164 10
164 11
164 12
165 0
165 1
165 2
165 4
165 8
165 9
165 11
166 3
166 4
167 2
167 7
167 8
167 11
167 12
168 1
168 2
168 5
168 6
168 7
168 10
169 0
169 5
170 2
170 3
170 4
170 6
170 10
170 12
171 11
171 12
172 2
172 3
172 5
172 6
172 8
172 10
173 1
173 5
173 9
173 10
174 3
174 8
175 2
175 3
175 7
175 8
176 1
176 2
176 6
176 7
176 8
176 10
176 11
176 12
177 0
177 1
177 2
177 3
177 5
177 6
177 10
178 4
178 5
178 6
178 9
178 10
179 3
179 4
179 5
179 8
179 11
179 12
180 2
180 3
180 4
180 6
180 7
180 8
180 10
180 11
181 1
181 2
181 7
181 9
182 0
182 1
182 5
182 6
183 0
183 4
183 5
183 12
184 3
184 4
184 7
184 11
184 12
185 2
185 3
185 5
185 6
185 10
186 1
186 2
186 4
186 6
186 7
186 9
186 10
187 0
187 6
187 8
187 9
188 0
188 2
188 7
188 12
189 6
189 11
189 12
190 0
190 5
190 6
190 9
190 10
190 11
191 0
191 4
191 5
191 8
191 10
191 12
192 3
192 8
192 12
193 2
193 7
193 11
194 1
194 6
194 10
195 0
195 5
195 9
196 0
196 4
196 5
196 7
196 8
196 12
197 11
198 10
198 11
199 0
199 1
199 2
199 4
199 9
199 10
200 0
200 1
200 3
200 8
200 9
200 12
201 0
201 2
201 7
201 8
201 11
201 12
202 1
202 6
202 7
202 12
203 5
203 6
203 10
204 4
204 5
204 9
204 10
205 1
205 3
205 4
205 8
205 12
206 2
206 3
207 1
207 2
207 6
208 0
208 2
208 6
209 0
209 12
210 2
210 3
210 4
210 6
210 7
210 11
211 10
212 1
212 2
212 9
213 1
213 3
213 8
213 11
214 0
214 5
214 7
214 8
214 11
215 1
215 2
215 6
215 7
216 0
216 5
216 6
216 7
216 8
216 9
216 10
216 11
217 2
217 4
217 5
217 10
217 11
218 3
218 4
218 5
218 8
218 9
218 11
219 2
219 3
219 7
219 8
219 9
219 10
220 1
220 2
220 3
220 4
220 5
220 6
220 7
220 8
220 9
220 10
220 12
221 0
221 1
221 2
221 5
221 6
221 8
222 0
222 7
222 10
222 12
223 0
223 1
223 2
223 3
223 4
223 5
223 6
223 7
223 8
223 9
223 11
223 12
224 0
224 1
224 2
224 3
224 4
224 5
224 6
224 7
224 8
224 10
225 1
225 4
225 9
226 3
226 8
226 9
227 0
227 2
227 7
228 6
228 7
228 11
229 0
229 5
229 6
229 7
229 10
229 11
229 12
230 2
230 4
230 5
230 6
230 7
230 9
230 10
230 11
230 12
231 0
231 1
231 3
231 4
231 9
231 11
232 2
232 3
232 10
233 1
233 5
234 0
234 8
235 5
235 7
235 12
236 3
236 11
237 5
237 10
237 11
238 1
238 3
238 7
238 9
238 10
238 12
239 0
239 2
239 6
239 8
240 7
240 12
241 1
241 6
241 7
241 8
241 10
241 11
241 12
242 0
242 1
242 3
242 5
242 10
242 11
243 4
243 6
243 7
243 9
243 11
244 1
244 3
244 5
245 2
245 3
245 5
245 7
245 8
245 10
246 1
246 2
246 3
246 4
246 6
246 7
246 9
246 12
247 0
248 1
248 6
248 12
249 3
249 4
249 9
249 11
249 12
250 5
250 10
250 11
251 9
251 10
252 3
252 8
252 9
252 10
252 11
253 0
253 1
253 2
253 5
253 7
253 8
253 10
253 12
254 1
254 6
254 7
254 12
255 0
255 5
256 4
256 5
256 7
256 8
256 9
256 10
256 12
257 3
257 4
257 8
257 9
257 11
258 2
258 7
258 8
258 9
259 1
259 2
259 4
259 6
259 7
259 8
260 0
261 1
261 4
261 12
262 0
262 11
262 12
263 5
263 10
263 11
264 2
264 4
264 9
264 10
265 0
265 2
265 3
265 6
265 8
265 9
266 2
266 7
266 8
266 10
266 12
267 0
267 1
267 3
267 4
267 6
267 7
267 9
267 11
267 12
268 0
268 2
268 3
268 5
268 6
268 10
269 2
269 4
269 5
269 8
269 9
269 10
270 1
270 3
270 9
271 2
271 5
271 6
271 7
271 9
272 1
272 4
272 5
272 6
272 8
272 12
273 0
273 2
273 3
273 5
273 8
273 11
274 4
274 10
274 12
275 2
275 3
275 4
275 7
275 11
276 1
276 6
276 10
276 12
277 0
277 1
277 4
277 5
277 9
278 4
278 8
279 2
279 7
280 6
280 8
280 11
281 3
281 5
281 10
281 12
282 2
282 4
282 5
282 9
283 0
283 1
283 3
283 4
283 9
283 10
283 11
284 2
284 3
284 8
284 10
285 1
285 3
286 0
286 5
286 6
287 0
287 7
287 12
288 0
288 4
288 6
288 11
289 8
289 10
289 11
290 0
290 1
290 2
290 5
290 6
290 7
290 9
290 10
291 0
291 1
291 3
291 4
291 8
291 9
292 2
292 7
293 6
293 8
293 11
294 2
294 5
294 6
294 10
294 11
294 12
295 1
295 2
295 4
295 5
295 9
295 10
295 11
296 0
296 1
296 3
296 11
297 2
297 5
298 1
299 0
299 1
299 6
299 8
299 11
300 0
300 1
300 2
300 4
300 5
300 6
300 10
300 12
301 1
301 3
301 4
301 7
301 9
301 11
302 2
302 10
302 12
303 1
303 2
303 5
303 7
303 9
303 12
304 0
304 1
304 8
305 7
306 1
306 6
306 8
307 5
307 6
307 7
307 10
307 11
307 12
308 2
308 4
308 7
308 9
309 3
309 8
310 0
310 2
310 3
310 7
310 8
310 10
311 1
311 7
312 0
312 1
312 5
312 6
312 8
312 11
313 7
313 12
314 3
314 11
314 12
315 5
315 10
316 1
316 9
317 3
317 8
317 9
317 10
317 12
318 0
318 2
318 3
318 7
318 8
318 9
318 11
318 12
319 1
319 6
320 5
321 4
322 3
322 8
322 11
323 2
323 3
324 1
324 2
324 4
324 7
324 8
324 9
324 12
325 0
325 1
325 5
326 0
326 5
326 7
326 12
327 3
327 4
327 5
327 6
327 9
327 11
327 12
328 5
328 10
329 1
329 3
329 5
329 9
329 11
329 12
330 0
330 8
330 9
330 10
331 2
331 7
331 10
331 12
332 0
332 1
332 2
332 4
332 6
332 7
332 11
332 12
333 0
333 5
334 4
334 5
334 6
334 8
334 9
334 10
335 3
335 4
335 6
335 8
335 9
336 0
336 2
336 3
336 5
336 7
336 8
337 1
337 7
337 9
338 0
338 1
339 12
340 4
340 11
341 5
341 6
341 10
341 11
342 1
342 2
342 7
342 9
342 10
342 12
343 0
343 1
343 2
343 6
343 8
343 11
344 0
344 7
344 10
345 6
345 8
345 11
345 12
346 5
346 7
347 4
347 5
347 6
347 9
347 11
347 12
348 1
348 3
348 8
348 9
349 2
349 8
350 1
350 3
350 7
351 0
352 1
352 2
352 4
352 10
352 12
353 6
353 11
354 10
354 12
355 9
355 11
356 8
356 10
357 7
357 8
358 6
359 0
359 5
360 4
360 12
361 3
361 6
361 11
362 2
362 10
363 1
364 0
364 1
364 8
365 7
365 12
366 11
367 10
368 1
368 9
369 8
369 9
369 11
370 2
370 7
371 6
372 0
372 5
373 4
373 10
374 3
375 2
375 4
375 5
375 7
376 1
376 3
376 4
376 6
376 12
377 0
377 4
378 12
379 0
379 3
379 4
379 6
379 11
379 12
380 2
380 3
380 5
380 7
380 10
380 11
381 9
382 1
382 8
383 0
383 2
383 7
383 8
383 10
384 1
384 6
385 5
385 6
385 10
386 1
386 2
386 4
386 5
386 9
387 0
387 3
387 8
387 10
387 11
388 2
388 7
388 8
388 10
389 1
390 0
390 1
390 2
390 4
390 5
390 6
390 8
391 7
391 12
392 0
392 11
393 10
393 11
394 1
394 6
394 9
394 10
395 0
395 5
395 8
396 7
396 8
397 1
397 6
397 11
397 12
398 5
399 4
399 6
399 9
399 10
400 3
401 2
401 9
402 1
402 9
403 0
403 8
404 7
404 12
405 3
405 6
405 11
406 8
406 10
407 9
408 8
408 10
409 1
409 5
409 7
409 9
409 12
410 0
410 4
410 6
410 8
410 11
410 12
411 5
411 7
412 4
412 12
413 3
413 8
413 11
414 2
414 11
415 1
415 5
415 8
415 9
415 10
416 1
416 5
416 11
417 0
417 7
418 12
419 2
419 3
419 4
419 11
420 2
420 10
421 9
422 8
422 12
423 1
423 7
424 6
424 11
425 2
425 5
425 9
425 10
425 12
426 4
426 8
426 9
426 12
427 3
427 7
427 11
428 2
428 9
429 1
430 0
431 12
432 3
432 11
433 2
433 5
433 10
434 9
435 2
435 8
436 7
437 6
438 5
439 4
439 6
439 8
440 0
440 3
441 2
442 1
443 0
443 5
444 3
444 6
444 12
445 11
446 10
447 9
448 8
449 0
449 4
449 7
449 12
450 3
450 6
451 2
451 5
451 11
452 1
452 4
453 0
453 3
453 8
453 10
454 2
455 1
456 0
457 3
457 8
457 9
457 12
458 2
458 3
458 6
458 8
458 11
459 10
460 1
460 4
460 9
461 0
461 3
461 8
462 2
462 7
462 11
462 12
463 6
464 5
464 10
465 4
466 3
467 2
468 1
468 6
468 9
468 10
468 11
469 0
470 3
470 4
470 12
471 11
472 10
473 0
473 1
473 3
473 6
473 9
474 8
475 7
475 9
475 11
476 6
477 5
478 4
478 8
479 3
479 7
479 10
480 2
480 7
481 2
482 1
483 0
484 12
485 11
486 10
487 9
488 8
488 12
489 7
490 6
490 9
491 1
491 5
491 9
492 0
492 4
493 3
494 2
494 5
494 6
495 1
496 0
497 1
497 2
497 3
497 7
497 12
498 0
498 5
498 11
499 4
499 10
499 12
500 0
500 9
501 8
502 1
502 7
502 9
502 10
503 1
503 6
503 8
503 10
503 11
504 0
504 5
504 7
504 9
504 10
505 4
505 6
505 12
506 3
506 4
506 5
506 11
507 2
507 6
507 10
508 1
508 5
508 9
509 0
510 12
511 6
511 11
512 10
513 3
513 9
514 8
514 10
514 11
514 12
515 7
515 9
515 12
516 1
516 6
517 5
517 7
517 8
518 4
518 7
519 3
520 2
520 5
520 7
521 1
521 3
521 4
521 6
522 0
522 2
522 4
522 8
523 1
523 3
523 12
524 2
524 11
524 12
525 0
525 3
525 4
525 5
525 10
525 11
525 12
526 1
526 2
526 4
526 9
527 8
527 11
528 7
529 0
529 6
530 5
530 7
531 4
532 3
533 2
533 10
534 1
535 1
535 6
536 0
536 2
537 0
537 4
537 12
538 11
538 12
539 2
539 3
539 4
539 10
540 9
541 0
541 8
542 7
542 8
542 9
542 12
543 6
543 11
544 5
544 10
545 4
545 5
545 7
546 3
546 4
546 5
546 8
547 2
548 1
548 3
549 0
549 2
549 5
550 4
550 12
551 0
551 3
551 11
551 12
552 2
552 4
552 10
553 9
554 0
554 8
555 7
555 9
555 12
556 6
556 8
556 11
557 5
557 10
558 4
558 9
559 3
559 5
560 2
560 4
560 7
561 1
561 6
562 0
562 5
563 4
563 12
564 3
564 11
564 12
565 2
565 10
566 1
566 9
566 11
567 0
567 8
568 7
568 12
569 6
569 7
570 5
570 10
571 4
571 9
572 3
572 4
572 7
573 2
573 3
573 4
573 5
573 9
574 1
574 2
574 3
574 6
574 8
575 0
576 12
577 11
577 12
578 2
578 10
579 9
580 8
580 9
581 7
581 12
582 6
582 11
583 5
583 10
584 4
584 5
584 6
584 9
585 3
585 8
586 2
586 7
587 1
587 6
588 0
588 5
589 0
589 3
589 4
589 12
590 0
590 3
590 11
590 12
591 2
591 10
591 11
592 1
592 9
593 8
593 9
593 10
593 12
594 1
594 7
594 11
594 12
595 6
595 11
596 5
596 10
597 4
597 5
597 9
598 3
598 4
598 8
599 2
600 1
601 0
602 0
602 4
602 12
603 3
603 5
603 11
604 10
605 9
606 8
607 7
607 12
608 6
609 5
609 6
609 10
610 4
610 5
610 6
610 7
610 8
610 9
610 11
611 3
611 4
611 5
611 6
611 7
611 8
612 2
612 7
613 1
614 0
614 5
615 1
615 6
615 12
616 11
617 2
617 10
618 1
618 9
618 10
619 0
619 2
619 8
619 9
620 1
620 7
620 8
620 12
621 6
621 11
622 5
622 10
623 4
623 9
624 3
625 2
626 1
627 0
627 5
628 4
628 12
629 0
629 3
629 11
630 10
631 9
632 8
632 9
632 12
633 1
633 7
633 12
634 6
634 8
635 5
635 7
636 4
636 5
636 9
637 3
637 4
637 8
638 2
638 3
638 4
639 1
639 6
640 0
641 12
642 3
642 11
643 2
643 10
644 1
644 9
645 8
646 7
646 12
647 6
647 11
648 5
648 7
649 4
649 9
650 3
650 10
651 2
651 7
652 1
653 0
653 7
654 2
654 3
654 12
655 3
655 11
656 2
656 10
656 11
657 3
657 9
657 10
658 2
658 8
659 7
659 8
660 6
660 7
661 5
662 4
662 5
662 9
663 3
663 8
664 2
664 7
665 1
665 6
666 0
666 3
666 5
667 4
667 12
668 0
668 2
668 3
668 11
669 10
670 9
670 10
671 8
671 9
672 7
672 9
673 6
674 6
675 5
676 4
676 7
676 8
677 3
677 4
678 2
679 1
679 3
680 0
681 12
682 11
683 10
684 9
685 1
685 8
685 9
685 11
686 0
686 7
687 6
688 5
688 7
688 8
688 9
688 11
689 4
690 3
690 4
690 9
691 2
692 1
692 6
693 0
694 12
695 11
696 10
696 11
697 2
697 9
697 10
698 8
699 7
699 8
699 11
700 6
700 11
701 5
702 4
703 3
704 2
704 3
705 1
706 0
707 12
708 11
708 12
709 10
709 11
710 9
711 8
712 7
713 6
714 5
715 4
716 3
717 2
717 3
718 1
718 2
719 0
719 6
720 12
721 11
722 10
723 9
724 8
724 9
725 7
726 6
727 5
727 11
728 4
728 5
728 10
729 3
730 2
731 1
732 0
732 1
733 12
734 4
734 11
735 10
735 11
736 2
736 9
737 8
737 10
738 0
738 7
739 6
740 5
740 6
741 4
742 3
743 2
744 1
745 0
745 1
745 4
746 0
746 12
747 11
748 10
749 9
750 8
751 7
751 8
752 6
752 7
753 5
754 4
754 5
755 3
755 7
756 2
756 3
757 1
757 7
758 0
759 12
760 11
760 12
761 10
762 9
763 8
763 9
764 7
765 6
766 5
767 4
767 6
767 7
767 10
768 3
769 2
769 8
770 1
771 0
771 6
772 12
773 11
774 10
774 11
775 0
775 2
775 9
776 8
776 9
777 0
777 7
778 6
779 5
780 4
781 3
782 2
783 1
784 0
785 0
785 1
785 12
786 2
786 11
787 10
788 9
789 8
790 7
791 6
792 5
792 7
792 8
793 4
794 3
795 2
796 1
797 0
798 12
799 11
800 3
800 10
801 9
801 10
801 12
802 1
802 8
803 7
804 6
804 12
805 5
806 4
806 6
807 3
808 2
809 1
810 0
810 4
810 6
811 0
811 12
812 11
812 12
813 10
814 9
814 10
815 8
816 7
817 6
818 5
819 4
820 3
821 2
821 5
821 8
822 1
822 2
822 3
822 7
823 0
823 1
823 2
823 6
824 0
824 5
824 12
825 11
826 1
826 3
826 10
827 2
827 9
828 8
829 7
830 6
831 5
831 9
832 4
832 8
833 3
834 2
835 1
836 0
837 3
837 5
837 12
838 11
839 10
840 9
841 8
841 12
842 7
843 6
844 5
845 4
845 5
846 3
847 2
848 1
849 0
849 4
850 12
851 11
852 10
853 9
854 8
854 9
855 0
855 7
856 6
856 7
856 8
856 10
857 5
858 4
858 6
858 10
859 3
859 5
860 2
861 1
862 0
863 0
863 12
864 1
864 3
864 11
865 10
866 9
866 10
867 8
867 9
867 11
868 7
869 6
870 5
870 7
870 11
871 4
872 3
873 2
874 1
875 0
876 0
876 5
876 12
877 2
877 11
878 10
878 12
879 9
879 11
880 8
881 0
881 7
881 8
882 6
883 5
884 4
885 3
886 2
886 3
886 6
887 1
888 0
889 0
889 2
889 12
890 11
891 10
892 9
893 8
894 7
895 6
896 5
897 4
898 3
898 5
898 9
899 2
900 1
901 0
901 4
902 12
903 2
903 11
903 12
904 10
904 11
905 9
906 8
907 7
908 6
909 5
909 11
910 4
911 3
912 2
913 1
914 0
915 12
916 11
916 12
917 10
917 11
918 9
919 8
920 7
921 6
921 8
921 12
922 5
923 4
923 8
924 3
925 2
926 1
927 0
927 2
927 6
928 12
929 11
929 12
930 0
930 3
930 10
931 2
931 9
931 10
932 8
933 7
933 11
934 6
935 5
936 4
937 3
937 4
937 6
937 7
938 2
939 1
940 0
940 1
941 12
942 11
942 12
943 10
944 9
944 12
945 1
945 8
945 11
946 0
946 7
946 8
946 10
947 6
948 5
949 4
950 3
951 2
951 8
952 1
953 0
954 12
955 11
956 10
957 9
958 8
959 0
959 7
960 6
960 12
961 5
962 4
963 3
963 9
964 2
965 1
966 0
967 12
968 11
968 12
969 10
970 2
970 9
971 8
972 7
973 6
973 7
973 12
974 5
974 11
975 4
976 3
976 5
976 6
976 9
977 2
978 1
979 0
979 6
980 0
980 5
980 12
981 11
982 3
982 10
983 9
983 10
984 8
985 7
986 6
987 5
987 11
988 4
988 5
988 6
988 10
989 3
989 9
990 2
991 1
991 2
992 0
992 1
992 6
993 2
993 12
994 2
994 11
995 3
995 10
995 12
996 0
996 2
996 9
997 8
998 7
999 6
1000 5
1001 4
1002 3
1003 2
1004 1
1005 0
1006 12
1007 11
1008 10
1009 9
1010 1
1010 8
1011 7
1012 6
1013 5
1013 6
1014 4
1015 3
1016 2
1017 1
1018 0
1018 6
1019 12
1020 11
1021 10
1022 9
1023 1
1023 8
1024 0
1024 7
1025 6
1025 12
1026 5
1026 11
1027 4
1028 3
1029 2
1030 1
1030 5
1031 0
1032 12
1033 11
1034 1
1034 10
1034 11
1035 0
1035 9
1036 8
1036 9
1037 0
1037 7
1038 6
1038 10
1039 5
1039 11
1040 4
1041 3
1042 2
1043 1
1044 0
1045 12
1046 11
1046 12
1047 1
1047 10
1048 9
1049 8
1050 7
1051 6
1051 12
1052 5
1053 4
1054 3
1054 9
1055 2
1055 8
1056 1
1056 5
1057 0
1058 12
1059 11
1060 10
1061 9
1062 8
1063 7
1063 11
1064 6
1064 12
1065 5
1065 11
1066 4
1067 3
1067 9
1068 2
1069 1
1069 7
1070 0
1070 6
1071 12
1072 11
1073 10
1074 2
1074 9
1075 8
1075 9
1076 7
1077 6
1077 12
1078 5
1079 4
1080 3
1081 2
1081 8
1082 1
1082 7
1083 0
1083 6
1084 12
1085 11
1086 10
1086 12
1087 9
1088 8
1089 7
1090 6
1091 5
1092 4
1093 3
1094 2
1095 1
1096 0
1097 12
1098 11
1099 10
1100 9
1101 8
1101 10
1101 11
1102 7
1102 8
1102 12
1103 6
1104 5
1105 4
1106 3
1107 2
1107 5
1108 1
1109 0
1110 12
1111 0
1111 11
1112 10
1113 9
1114 8
1115 7
1116 6
1117 5
1118 4
1119 3
1120 2
1121 1
1122 0
1122 3
1123 12
1124 11
1125 10
1126 9
1127 8
1128 7
1129 6
1130 5
1130 7
1131 4
1132 3
1133 2
1134 1
1135 0
1136 2
1136 12
1137 11
1138 10
1139 9
1140 8
1141 7
1142 6
1143 5
1144 4
1144 7
1145 3
1145 4
1146 2
1147 1
1148 0
1149 12
1150 3
1150 11
1151 10
1152 9
1152 10
1153 0
1153 8
1154 7
1154 9
1155 6
1156 5
1157 4
1158 3
1159 2
1160 1
1161 0
1162 4
1162 12
1163 11
1164 10
1165 9
1166 8
1167 7
1168 6
1169 5
1170 4
1171 3
1172 2
1173 1
1174 0
1175 0
1175 1
1175 3
1175 4
1175 12
1176 11
1177 10
1178 9
1179 8
1180 7
1181 6
1182 5
1183 4
1184 3
1185 2
1186 1
1186 2
1187 0
1188 12
1189 1
1189 11
1190 10
1190 12
1191 1
1191 9
1192 0
1192 8
1193 7
1194 6
1195 5
1196 4
1197 3
1198 2
1199 1
1200 0
1201 12
1202 0
1202 11
1202 12
1203 10
1204 9
1205 8
1206 7
1207 6
1208 5
1209 4
1210 3
1211 2
1212 2
1213 1
1214 0
1215 12
1216 11
1217 10
1218 9
1219 8
1220 7
1221 6
1221 10
1222 5
1223 4
1224 3
1225 2
1226 1
1226 5
1227 0
1228 12
1229 11
1230 10
1231 9
1232 8
1233 7
1234 6
1235 5
1236 4
1237 3
1237 7
1238 2
1239 1
1240 0
1241 3
1241 12
1242 11
1243 10
1244 9
1245 8
1246 7
1247 6
1247 10
1248 5
1249 4
1250 3
1251 2
1251 6
1252 1
1253 0
1254 12
1255 11
1256 1
1256 10
1257 0
1257 9
1258 8
1259 7
1260 6
1261 5
1262 4
1263 3
1264 2
1265 1
1266 0
1267 12
1268 11
1269 10
1270 9
1271 8
1272 7
1273 6
1273 10
1274 5
1275 4
1276 3
1276 5
1277 2
1278 1
1279 0
1280 12
1281 11
1282 10
1283 9
1284 8
1285 7
1286 6
1287 5
1287 9
1288 4
1289 3
1290 2
1291 1
1292 0
1293 12
1294 11
1295 10
1296 9
1297 8
1298 7
1299 6
1299 10
1300 5
1301 4
1301 8
1302 3
1303 2
1304 1
1304 2
1305 0
1306 12
1307 11
1308 10
1309 9
1310 8
1311 7
1311 11
1312 6
1313 5
1314 4
1315 4
1316 3
1317 2
1318 1
1319 0
1320 12
1321 11
1322 10
1323 9
1324 8
1325 7
1326 6
1327 5
1328 4
1329 3
1330 2
1331 1
1332 0
1333 12
1334 11
1335 10
1336 9
1336 12
1337 8
1338 7
1339 6
1340 5
1341 4
1342 3
1343 2
1344 1
1345 0
1346 12
1347 11
1348 10
1349 9
1350 8
1351 7
1352 6
1352 9
1353 5
1354 4
1355 3
1356 2
1357 1
1357 2
1358 0
1358 3
1359 12
1360 11
1361 10
1362 9
1363 8
1364 7
1365 6
1366 5
1367 4
1368 3
1369 2
1370 1
1371 0
1372 12
1373 11
1374 10
1375 9
1376 8
1377 7
1378 6
1379 5
1379 8
1380 4
1381 3
1382 2
1382 3
1383 1
1383 3
1384 0
1385 12
1386 11
1387 10
1388 9
1389 8
1390 7
1391 6
1392 6
1393 5
1394 4
1395 3
1396 2
1397 1
1398 0
1399 12
1400 11
1401 10
1402 9
1403 8
1404 7
1405 6
1406 5
1407 4
1408 3
1409 2
1410 1
1411 0
1412 12
1413 11
1414 10
1415 9
1416 8
1417 7
1418 6
1419 5
1420 4
1421 3
1422 2
1423 1
1424 0
1425 12
1426 11
1427 10
1428 9
1429 8
1430 7
1431 6
1432 5
1433 4
1434 3
1435 2
1436 1
1437 0
1438 12
1439 11
1440 10
1441 9
1442 8
1443 7
1444 6
1445 5
1446 4
1447 3
1448 2
1449 1
1450 0
1451 12
1452 11
1453 10
1454 9
1455 8
1456 7
1457 6
1458 5
1459 4
1460 3
1461 2
1462 1
1463 0
1464 12
1465 11
1466 10
1467 9
1468 8
1469 7
1470 6
1471 5
1472 4
1473 3
1474 2
1475 1
1476 0
1477 12
1478 11
1479 10
1480 9
1481 8
1482 7
1483 6
1484 5
1485 4
1486 3
1487 2
1488 1
1489 0
1490 12
1491 11
1492 10
1493 9
1494 8
1495 7
1496 6
1497 5
1498 4
1499 3
1500 2
1501 1
1502 0
1503 12
1504 11
1505 10
1506 9
1507 8
1508 7
1509 6
1510 5
1511 4
1512 3
1513 2
1513 4
1514 1
1515 0
1516 12
1517 11
1518 10
1519 9
1520 9
1521 8
1522 7
1523 6
1524 5
1525 4
1526 3
1527 2
1528 1
1529 0
1530 12
1531 11
1532 10
1533 9
1534 8
1535 7
1536 6
1537 5
1538 4
1539 3
1540 2
1540 3
1541 1
1541 2
1542 0
1543 12
1544 11
1545 10
1546 9
1547 8
1548 7
1549 6
1550 5
1551 4
1552 3
1553 2
1554 1
1555 0
1556 12
1557 11
1558 10
1559 9
1560 8
1561 7
1562 6
1563 5
1564 4
1565 3
1566 2
1567 1
1568 0
1569 12
1570 11
1571 10
1572 9
1573 8
1574 7
1575 6
1576 5
1577 4
1578 3
1579 2
1580 1
1581 0
1582 12
1583 11
1584 10
1585 9
1586 8
1587 7
1588 6
1589 5
1590 4
1591 3
1592 2
1593 1
1594 0
1595 12
1596 11
1597 10
1598 9
1599 8
1600 7
1601 6
1602 5
1603 4
1604 3
1605 2
1606 1
1607 0
1608 12
1609 11
1610 10
1611 9
1612 8
1613 7
1614 6
1615 5
1616 4
1617 3
1618 2
