0 8
1 6
2 1
2 4
3 2
3 3
3 4
3 8
3 9
4 0
4 3
4 4
4 5
4 6
4 7
4 9
5 4
5 7
5 8
6 0
6 2
6 3
6 5
6 7
7 0
7 3
7 9
8 0
8 1
8 7
9 8
10 3
10 6
11 1
11 2
11 3
11 4
11 5
11 6
11 7
11 8
11 9
12 0
12 1
12 2
12 3
12 4
12 5
12 8
12 9
13 0
13 6
13 9
14 0
14 4
14 5
14 7
14 8
14 9
15 0
15 1
15 2
15 3
15 4
15 5
15 9
16 0
16 3
16 9
17 1
18 0
18 2
18 3
18 5
18 6
18 7
18 8
19 0
19 1
19 2
19 3
19 4
19 6
20 1
20 2
20 4
20 5
21 0
21 2
21 8
22 0
22 1
22 2
22 6
22 7
22 9
23 7
24 0
24 1
24 2
24 3
24 5
24 6
24 7
24 8
24 9
25 0
25 1
25 2
25 3
25 4
25 7
25 8
25 9
26 1
26 7
27 5
27 8
28 0
28 1
28 2
28 3
28 4
28 6
29 1
29 2
29 3
29 4
29 5
29 6
30 0
30 1
30 2
30 8
30 9
31 0
31 1
31 2
31 3
31 4
31 5
31 6
31 7
31 8
31 9
32 0
32 3
32 4
32 5
32 7
32 8
32 9
33 1
33 2
33 5
33 8
34 0
34 3
34 4
34 5
34 6
34 7
34 8
34 9
35 1
35 7
35 9
36 5
36 8
37 0
37 1
37 3
37 4
37 5
37 6
38 0
38 4
38 5
38 9
39 0
39 2
39 6
39 8
39 9
40 0
40 1
40 4
40 6
40 7
40 9
41 0
41 1
41 4
41 5
41 7
41 8
42 0
42 1
42 2
42 5
43 3
44 1
44 7
44 8
45 0
45 5
45 6
45 8
45 9
46 1
46 3
46 4
46 5
46 6
46 7
46 8
46 9
47 1
47 2
47 4
47 5
47 8
48 0
48 1
48 2
48 8
49 0
49 1
49 4
49 6
49 7
49 8
49 9
50 0
50 2
50 4
50 5
50 6
50 7
50 8
51 0
51 2
51 3
51 5
51 8
51 9
52 0
52 1
52 3
52 9
53 1
53 7
54 2
54 3
54 6
54 8
55 3
55 6
56 1
56 4
56 5
56 6
56 7
57 1
57 2
57 3
57 6
57 8
57 9
58 0
58 6
58 9
59 1
59 2
59 4
59 5
59 7
60 5
60 9
61 0
61 3
61 4
61 9
62 0
62 1
63 0
63 1
63 2
63 5
63 6
63 7
63 8
64 3
64 6
65 1
65 4
65 5
65 6
65 7
65 8
65 9
66 0
66 2
66 3
66 5
66 8
66 9
67 0
67 6
67 7
67 9
68 2
68 4
68 7
69 1
69 2
69 5
70 0
70 3
70 5
71 1
71 2
71 3
71 7
72 0
72 1
72 2
72 3
72 4
72 5
72 6
72 7
72 8
73 3
73 4
73 6
73 8
73 9
74 1
74 2
74 4
74 6
74 7
74 8
75 0
75 2
75 3
75 4
75 5
75 6
75 8
75 9
76 0
76 1
76 4
76 6
76 7
76 8
76 9
77 3
77 4
77 5
77 7
78 1
78 2
78 3
78 5
78 6
78 7
78 8
78 9
79 0
79 1
79 2
79 3
80 1
80 4
80 5
80 7
80 8
81 0
81 1
81 5
81 6
81 8
81 9
82 3
82 4
82 6
83 4
84 2
84 8
85 0
85 1
85 2
85 3
85 4
85 5
85 6
85 7
85 9
86 4
86 5
86 7
87 2
87 5
88 3
89 1
89 7
90 3
90 4
90 5
90 6
90 8
90 9
91 3
91 4
91 5
91 6
91 7
91 8
91 9
92 0
92 1
92 2
92 3
92 4
92 7
93 0
93 1
93 2
93 3
93 6
93 8
93 9
94 0
94 1
94 4
94 6
94 7
94 9
95 7
96 2
96 5
97 0
97 3
97 4
97 9
98 1
98 2
98 3
98 7
98 8
99 0
99 3
99 5
99 8
99 9
100 0
100 1
100 2
100 3
100 4
100 6
100 7
101 4
102 0
102 2
103 0
103 5
103 6
103 9
104 0
104 4
104 5
104 7
105 5
106 1
106 3
106 7
106 9
107 1
107 2
107 7
107 8
108 0
108 3
108 5
108 6
108 8
108 9
109 1
109 2
109 3
109 4
109 6
109 8
109 9
110 1
110 2
110 4
110 6
111 2
112 0
112 4
112 9
113 0
113 4
113 7
114 2
114 3
114 5
114 6
115 0
115 1
115 2
115 3
115 9
116 1
116 8
117 8
118 6
119 1
119 4
119 8
120 2
120 5
120 8
121 0
121 6
121 9
122 4
122 5
122 7
123 2
123 3
123 5
123 8
124 0
124 1
124 3
125 0
125 1
125 5
126 5
126 8
127 3
127 4
127 6
128 0
128 1
128 4
128 5
128 7
128 8
129 0
129 2
130 0
130 1
130 3
130 6
130 7
130 8
130 9
131 2
131 4
131 7
131 8
131 9
132 0
132 2
132 3
132 5
132 8
133 0
133 1
133 3
133 4
133 6
133 7
133 8
133 9
134 1
134 6
135 8
135 9
136 2
136 3
136 6
136 7
136 9
137 1
137 2
137 4
137 5
137 7
137 8
138 0
138 2
138 3
138 8
138 9
139 0
139 6
139 9
140 7
141 2
141 5
141 6
142 0
142 3
142 6
142 9
143 0
143 1
143 2
143 5
143 7
143 8
144 5
144 8
145 2
145 6
146 0
146 1
146 4
147 2
147 3
147 6
147 7
147 8
148 0
148 3
148 6
148 7
148 9
149 2
149 4
149 7
150 2
150 5
151 0
151 1
151 3
151 9
152 0
152 1
152 7
153 8
154 6
155 4
156 0
156 2
156 8
156 9
157 0
157 1
157 6
157 7
157 9
158 1
158 4
158 7
158 8
159 2
159 3
159 4
159 5
159 8
160 0
160 1
160 3
160 9
161 1
161 6
161 7
161 8
162 0
162 5
162 8
162 9
163 0
163 3
163 6
163 7
163 9
164 1
164 4
164 5
165 2
165 3
165 8
166 0
166 9
167 5
167 7
168 2
168 5
168 7
169 0
169 1
169 3
169 4
169 7
169 9
170 1
170 2
170 4
170 6
170 7
170 9
171 5
171 8
172 3
172 5
172 6
172 7
172 9
173 0
173 1
173 2
173 4
173 5
173 7
174 0
174 2
174 6
174 8
174 9
175 0
175 9
176 1
176 3
176 4
176 7
177 2
177 5
178 0
178 3
178 4
178 7
178 9
179 1
179 2
179 5
179 7
179 8
180 2
180 3
180 4
180 5
180 6
180 7
180 8
180 9
181 0
181 1
181 2
181 3
181 4
181 5
181 6
182 0
182 1
182 4
183 2
183 8
184 0
184 9
185 1
185 4
185 7
186 2
186 5
186 7
187 0
187 3
187 5
187 9
188 1
188 2
188 6
188 7
188 8
188 9
189 5
189 8
189 9
190 3
190 6
190 7
191 1
191 2
191 3
191 4
192 2
192 7
193 0
193 9
194 0
194 7
195 5
195 6
195 9
196 0
196 1
196 2
196 3
197 1
197 7
197 8
198 5
198 6
198 8
199 6
199 7
200 1
200 2
200 4
200 8
201 2
201 3
201 6
201 8
201 9
202 0
202 5
202 6
202 9
203 4
203 7
204 3
204 4
204 5
205 3
205 9
206 1
206 7
206 8
207 8
208 6
209 1
209 4
210 2
210 7
210 8
211 0
211 9
212 4
212 5
212 7
212 9
213 1
213 2
213 3
213 5
214 1
214 2
214 3
214 6
215 1
215 7
215 8
216 3
216 5
216 6
216 7
216 8
216 9
217 1
217 3
217 4
217 5
217 6
218 1
218 4
219 2
219 8
220 0
220 9
221 1
221 2
221 4
221 5
221 7
222 2
222 3
222 5
223 0
223 3
223 9
224 1
225 5
225 8
225 9
226 1
226 3
226 6
227 1
227 4
228 2
229 0
229 1
229 6
229 7
229 9
230 7
230 8
231 1
231 2
231 3
231 4
231 5
232 3
232 9
233 1
234 8
235 6
236 4
237 2
237 8
237 9
238 0
238 6
238 7
238 9
239 4
239 7
239 8
240 2
240 3
240 5
240 7
240 9
241 0
241 3
242 1
243 5
243 8
243 9
244 0
244 1
244 3
244 4
244 6
245 1
245 4
246 0
246 1
246 2
247 0
247 6
247 9
248 7
249 5
250 3
251 1
251 7
251 8
252 7
252 8
253 3
253 6
254 1
254 3
254 4
255 0
255 1
255 2
256 0
256 6
256 9
257 3
257 4
257 7
257 8
258 1
258 2
258 3
258 5
259 0
259 1
259 3
259 9
260 1
261 8
262 6
263 4
264 2
264 3
264 5
264 8
264 9
265 0
265 4
265 6
265 7
265 9
266 4
266 7
267 0
267 2
267 3
267 5
267 7
268 0
268 3
269 1
269 7
270 0
270 5
270 6
270 8
271 6
271 7
272 1
272 4
273 2
273 8
273 9
274 0
274 6
274 7
274 9
275 4
275 5
275 7
275 9
276 1
276 2
276 3
276 5
276 7
277 0
277 3
277 9
278 1
278 2
278 5
278 7
278 8
279 8
280 3
280 6
281 1
281 4
281 9
282 1
282 2
282 8
283 0
283 6
283 7
283 8
283 9
284 7
285 2
285 5
286 0
286 3
286 4
286 6
286 9
287 1
287 7
288 8
289 0
289 3
289 4
289 5
289 6
290 1
290 2
290 4
291 0
291 2
291 5
292 0
292 9
293 4
293 7
294 5
295 3
296 1
296 7
297 4
297 6
297 7
297 8
298 3
298 4
298 6
299 1
299 4
299 5
300 2
300 3
300 8
301 0
301 6
301 7
301 9
302 7
303 2
303 5
304 0
304 3
305 1
305 7
306 5
306 8
307 6
307 9
308 4
308 7
309 2
310 0
310 9
311 0
311 4
311 5
311 6
311 7
312 2
312 4
312 5
313 3
314 1
314 7
314 8
314 9
315 8
315 9
316 6
317 4
318 2
319 0
319 9
320 4
320 7
320 8
321 2
321 5
321 6
321 9
322 0
322 1
322 3
322 9
323 1
323 2
323 7
324 5
324 8
325 6
326 1
326 4
327 2
327 8
328 0
328 6
328 7
328 9
329 7
330 2
330 5
331 0
331 3
332 1
333 0
333 5
333 6
333 7
333 8
334 6
335 4
335 5
335 8
336 2
336 3
336 5
336 6
336 8
337 0
337 3
337 6
337 9
338 4
338 7
339 4
339 5
340 0
340 1
340 2
340 3
341 1
341 2
341 7
341 9
342 0
342 2
342 5
342 6
342 8
343 6
344 1
344 4
344 5
345 2
346 0
346 9
347 7
348 2
348 5
348 6
348 9
349 0
349 3
350 1
350 2
350 7
350 8
351 5
351 8
352 3
352 6
353 1
353 4
353 9
354 0
354 3
355 1
355 3
355 4
355 6
356 4
356 6
356 8
357 6
358 0
358 4
359 2
359 7
359 8
360 0
360 9
361 7
362 5
363 3
363 8
364 1
364 6
365 8
366 0
366 2
366 3
366 6
366 9
367 0
367 1
367 4
368 2
369 0
369 4
369 5
369 9
370 7
371 1
371 5
372 3
372 6
372 8
373 1
374 4
374 8
375 0
375 2
375 6
376 0
376 4
376 9
377 2
378 0
378 3
378 9
379 7
380 1
380 5
380 8
381 3
381 8
382 1
382 6
382 7
383 5
383 8
384 2
384 6
385 0
385 1
385 2
385 4
385 9
386 2
386 7
386 8
387 0
387 3
387 5
387 6
387 9
388 3
388 4
388 7
389 5
389 8
390 3
390 8
390 9
391 1
392 4
392 8
393 2
393 6
393 7
394 0
394 4
394 9
395 2
395 5
395 7
395 8
396 0
396 3
396 5
396 9
397 0
397 3
397 4
397 5
397 7
397 9
398 1
398 2
398 5
399 3
399 6
399 8
399 9
400 1
400 6
401 4
401 8
402 0
402 2
402 6
403 0
403 1
403 4
404 2
404 7
405 0
405 5
405 9
406 3
406 7
407 5
408 3
409 1
410 1
410 8
411 6
412 0
412 4
413 2
414 0
414 3
414 5
414 6
414 9
415 1
415 3
415 7
416 1
416 2
416 5
417 3
417 5
417 6
417 8
417 9
418 1
419 4
419 8
420 2
420 6
421 4
421 9
422 2
422 7
422 8
423 0
423 5
423 9
424 1
424 3
424 7
425 1
425 5
426 3
426 6
427 1
427 4
428 2
428 8
429 6
429 9
430 4
430 7
431 2
431 5
432 0
432 3
432 9
433 3
433 7
434 1
434 2
434 3
434 5
435 3
435 6
435 8
436 1
436 6
437 4
437 8
438 2
438 3
438 4
438 6
439 4
440 2
441 0
441 5
441 6
441 9
442 1
442 3
442 7
443 5
444 3
444 6
444 8
444 9
445 1
445 3
445 6
446 8
447 2
447 6
448 0
448 4
448 9
449 2
450 0
450 1
450 5
450 6
450 7
450 9
451 3
451 7
452 1
452 2
452 5
453 3
454 1
454 7
454 8
455 8
456 6
457 4
457 9
458 2
459 0
459 9
460 3
460 4
460 7
461 5
462 3
463 1
464 4
464 8
465 6
465 8
466 0
466 4
466 9
467 2
467 7
467 8
468 0
468 9
469 3
469 7
470 1
470 5
471 3
472 1
473 8
474 6
475 4
476 2
476 4
477 0
477 9
478 0
478 3
478 4
478 7
479 1
479 2
479 3
479 5
479 8
480 3
480 8
481 1
481 6
481 7
482 1
482 4
482 8
483 2
483 6
483 8
484 0
484 4
485 2
485 7
486 0
486 9
487 3
487 4
487 7
488 1
488 5
489 3
490 1
490 6
491 1
491 3
491 4
491 5
491 8
492 2
492 6
493 4
493 9
494 2
495 0
495 5
495 9
496 7
497 1
497 5
498 3
499 1
499 4
499 6
500 8
501 2
501 6
502 0
502 4
503 2
504 0
504 3
504 5
504 6
504 9
505 3
505 7
506 1
506 5
507 3
508 1
508 3
508 6
508 8
509 8
510 2
510 6
511 0
511 4
511 9
512 2
513 0
513 3
513 5
513 9
514 0
514 7
515 1
515 2
515 3
515 5
516 1
516 3
516 8
517 1
518 8
519 2
519 6
520 4
521 2
521 7
521 8
522 0
522 5
522 9
523 4
523 7
524 5
525 3
526 1
526 6
526 7
527 1
527 4
527 8
528 2
528 6
529 4
529 9
530 2
531 0
531 9
532 3
532 7
533 5
533 8
534 3
535 1
535 4
536 8
537 6
538 4
539 2
540 0
540 5
540 9
541 3
541 7
542 5
543 3
543 8
544 1
544 6
544 7
545 8
546 1
546 6
547 0
547 1
547 4
547 7
547 9
548 2
548 7
549 0
549 5
549 9
550 7
551 2
551 5
552 3
552 7
552 8
553 1
553 4
554 8
555 6
556 4
557 2
558 0
558 5
558 6
558 9
559 3
559 7
560 5
561 4
562 2
562 4
563 0
563 9
564 7
565 5
565 9
566 3
566 6
566 7
567 1
567 3
567 4
567 5
567 7
568 8
569 6
570 4
571 2
571 6
572 0
572 3
572 4
572 5
572 9
573 7
574 5
574 9
575 3
575 7
576 1
576 3
576 4
576 5
577 1
577 2
577 3
577 8
577 9
578 6
579 4
579 8
580 2
581 0
581 4
581 9
582 7
583 5
583 9
584 3
585 1
586 3
586 9
587 1
587 2
587 7
588 5
589 3
590 1
590 4
590 5
590 6
591 2
591 8
592 6
592 9
593 4
594 2
594 5
595 0
595 9
596 2
596 7
597 5
597 8
597 9
598 3
598 6
598 7
599 1
599 4
600 8
601 6
602 4
603 2
603 5
604 0
604 9
605 7
606 5
606 9
607 3
608 1
608 4
608 5
609 3
609 8
610 0
610 6
610 9
611 0
611 4
612 2
612 5
613 0
613 9
614 7
615 0
615 5
615 9
616 3
617 1
618 8
619 6
620 4
620 8
621 2
621 6
622 0
622 9
623 7
624 5
624 8
625 3
626 1
627 8
628 6
628 9
629 4
629 7
630 2
630 5
630 6
631 0
631 9
632 7
633 5
634 3
635 1
636 2
636 8
637 6
637 9
638 0
638 4
638 6
638 7
639 2
639 5
640 0
640 9
641 1
641 2
641 7
642 5
643 3
643 6
643 7
644 1
645 8
646 6
646 9
647 0
647 4
648 2
648 4
648 5
648 6
648 7
649 0
649 2
649 3
649 4
649 5
649 9
650 1
650 2
650 7
651 0
651 5
652 3
653 1
654 2
654 3
654 4
654 8
655 6
656 0
656 4
657 2
657 5
657 6
658 0
658 3
658 9
659 1
659 7
660 5
660 8
661 3
661 6
662 1
663 2
663 8
664 6
664 8
664 9
665 4
666 2
667 0
667 9
668 1
668 7
669 5
669 8
670 3
671 1
671 4
672 0
672 9
673 7
674 5
675 3
676 1
677 8
678 6
678 8
679 4
680 2
681 0
681 9
682 7
682 9
683 5
683 7
684 3
684 5
685 1
686 1
686 8
687 6
688 4
689 2
689 4
690 0
690 9
691 0
691 7
692 5
692 7
693 3
693 5
694 1
695 8
696 6
696 8
697 4
698 2
699 0
699 1
699 9
700 7
700 9
701 5
702 3
703 1
704 1
704 8
705 6
705 8
706 4
706 6
707 2
707 3
707 5
707 6
708 0
708 1
708 2
708 3
708 4
708 9
709 0
709 7
709 8
709 9
710 0
710 5
711 3
712 1
713 8
714 7
714 8
715 5
716 3
716 4
716 5
717 1
717 2
718 8
719 6
720 4
721 2
722 0
722 9
723 7
724 5
724 6
724 7
725 3
726 1
727 0
727 8
727 9
728 6
728 7
729 4
730 2
731 0
731 1
731 9
732 7
732 8
733 5
734 3
735 1
736 8
737 6
738 4
739 2
739 3
740 0
740 9
741 7
742 5
742 6
743 3
744 1
744 2
745 8
746 6
746 7
747 4
748 2
749 0
749 9
750 7
750 8
751 5
752 3
753 1
753 2
754 8
754 9
755 6
756 4
756 5
757 2
758 0
758 9
759 7
760 5
761 3
762 1
763 8
764 6
765 4
766 2
767 0
767 9
768 7
768 9
769 5
770 3
771 1
771 2
772 8
773 6
773 8
774 4
775 2
776 0
776 9
777 7
777 8
777 9
778 5
779 3
780 2
781 0
781 9
782 7
782 8
783 5
784 3
785 1
786 8
787 6
788 4
789 2
790 0
790 1
790 9
791 7
792 5
793 3
794 1
795 8
795 9
796 6
797 4
798 2
799 0
799 9
800 7
801 5
801 6
802 3
802 4
803 1
804 8
805 6
806 4
807 2
808 0
808 9
809 7
809 8
810 5
811 3
812 1
813 8
814 6
815 4
816 2
817 0
817 9
818 7
818 9
819 5
820 3
821 1
822 0
822 8
822 9
823 6
824 4
825 2
826 0
826 1
826 9
827 0
827 7
828 5
829 3
830 1
831 8
832 6
833 4
834 2
835 0
835 9
836 7
836 8
837 5
837 6
838 3
839 1
840 8
841 6
842 4
843 2
844 0
844 9
845 7
846 5
847 3
848 1
849 8
850 6
851 4
852 2
853 0
853 9
854 7
855 5
856 3
857 1
857 2
858 8
859 6
859 7
860 4
860 5
860 6
861 2
862 0
862 1
862 9
863 7
863 8
864 5
865 3
866 1
867 8
868 6
869 4
870 2
871 0
871 9
872 7
873 5
873 6
874 3
875 1
876 8
877 6
878 4
879 2
880 0
880 9
881 7
882 5
882 7
883 3
884 1
885 8
886 6
887 4
888 2
889 0
889 9
890 7
891 5
892 3
893 1
893 2
894 8
895 6
896 4
897 2
898 0
898 9
899 7
900 5
901 3
902 1
903 8
904 6
905 4
906 2
907 0
907 1
907 2
907 9
908 7
909 5
910 3
911 1
912 8
912 9
913 6
913 7
913 8
914 4
914 5
914 6
915 2
916 0
916 9
917 7
918 5
919 3
919 4
920 1
921 8
921 9
922 6
922 7
923 4
924 2
925 0
925 9
926 7
927 5
927 6
928 3
929 1
930 0
930 8
931 6
932 4
933 2
934 0
934 9
935 7
935 8
936 5
936 6
937 3
938 1
939 8
940 6
941 4
942 2
943 0
943 9
944 7
945 5
946 3
947 1
948 0
948 8
949 6
949 7
950 4
950 5
951 2
952 0
952 9
953 7
954 5
955 3
956 1
957 8
958 6
959 4
960 2
961 0
961 9
962 7
963 5
963 6
964 3
965 1
966 8
967 6
968 4
969 2
969 3
970 0
970 9
971 7
972 5
973 3
974 1
975 8
976 6
977 4
978 2
979 0
979 9
980 7
981 5
982 3
983 1
984 8
985 6
986 4
986 5
987 2
988 0
988 9
989 7
990 5
991 3
992 1
993 8
993 9
994 6
995 4
996 2
997 0
997 9
998 7
999 5
1000 3
1000 4
1001 1
1002 8
1003 6
1004 4
1005 2
1006 0
1006 9
1007 7
1008 5
1009 3
1010 1
1010 3
1011 8
1012 6
1013 4
1014 2
1015 0
1015 9
1016 7
1017 5
1018 3
1019 1
1020 8
1021 6
1022 4
1023 2
1024 0
1024 9
1025 7
1026 5
1027 3
1028 1
1028 2
1029 8
1030 6
1031 4
1032 2
1032 3
1033 0
1033 1
1033 9
1034 7
1034 8
1034 9
1035 5
1036 3
1037 1
1038 0
1038 8
1039 6
1039 7
1040 4
1041 2
1042 0
1042 9
1043 7
1044 5
1044 6
1045 3
1046 1
1047 8
1048 6
1049 4
1050 2
1051 0
1051 1
1051 9
1052 7
1053 5
1054 3
1055 1
1056 8
1057 6
1058 4
1059 2
1060 0
1060 9
1061 7
1062 5
1063 3
1064 1
1065 8
1066 6
1067 4
1068 2
1069 0
1069 9
1070 7
1071 5
1072 3
1073 1
1073 2
1074 8
1075 6
1076 4
1077 2
1078 0
1078 9
1079 7
1080 5
1080 6
1080 7
1081 3
1082 1
1083 8
1084 6
1085 4
1086 2
1087 0
1087 9
1088 7
1089 5
1090 3
1091 1
1092 8
1093 6
1094 4
1095 2
1096 0
1096 9
1097 7
1098 5
1099 3
1100 1
1101 8
1102 6
1103 4
1104 2
1105 0
1105 9
1106 7
1107 5
1108 3
1109 1
1110 8
1111 6
1112 4
1113 2
1114 0
1114 9
1115 7
1116 5
1117 3
1118 1
1119 8
1120 6
1121 4
1122 2
1123 0
1123 9
1124 7
1125 5
1126 3
1127 1
1128 8
1129 6
1130 4
1131 2
1132 0
1132 9
1133 7
1134 5
1135 3
1136 1
1136 2
1137 8
1138 6
1139 4
1140 2
1141 0
1141 9
1142 7
1143 5
1144 3
1144 4
1144 5
1145 1
1146 8
1147 6
1148 4
1149 2
1150 0
1150 9
1151 7
1152 5
1153 3
1154 1
1155 0
1155 8
1156 6
1157 4
1157 5
1158 2
1159 0
1159 9
1160 7
1161 5
1162 3
1163 1
1164 8
1165 6
1166 4
1167 2
1168 0
1168 9
1169 7
1170 5
1171 3
1172 1
1173 8
1174 6
1175 4
1176 2
1177 0
1177 9
1178 7
1179 5
1180 3
1181 1
1182 8
1183 6
1184 4
1185 2
1186 0
1186 9
1187 7
1188 5
1188 6
1189 3
1190 1
1191 8
1192 6
1193 4
1194 2
1195 0
1195 9
1196 7
1197 5
1198 3
1199 1
1200 8
1201 6
1202 4
1203 2
1204 0
1204 9
1205 7
1206 5
1207 3
1208 1
1209 8
1210 6
1211 4
1212 2
1213 0
1213 9
1214 7
1215 5
1216 3
1217 1
1218 0
1218 8
1219 6
1219 7
1220 4
1221 2
1222 0
1222 1
1222 2
1222 9
1223 7
1224 5
1225 3
1226 1
1227 8
1228 6
1229 4
1230 2
1231 0
1231 1
1231 9
1232 7
1233 5
1234 3
1235 1
1236 8
1237 6
1237 7
1238 4
1239 2
1240 0
1240 9
1241 7
1242 5
1243 3
1243 4
1244 1
1245 8
1246 6
1247 4
1248 2
1248 4
1249 0
1249 9
1250 7
1251 5
1252 3
1252 4
1253 1
1254 8
1255 6
1256 4
1257 2
1258 0
1258 9
1259 7
1260 5
1261 3
1262 1
1263 8
1264 6
1265 4
1265 6
1266 2
1267 0
1267 9
1268 7
1269 5
1270 3
1271 1
1272 8
1273 6
1274 4
1275 2
1276 0
1276 9
1277 7
1278 5
1279 3
1280 1
1281 0
1281 8
1282 6
1283 4
1284 2
1285 0
1285 9
1286 7
1287 5
1288 3
1289 1
1290 8
1291 6
1292 4
1293 2
1294 0
1294 9
1295 7
1296 5
1297 3
1298 1
1299 8
1300 6
1301 4
1302 2
1303 0
1303 1
1303 9
1304 7
1305 5
1306 3
1307 1
1308 8
1309 6
1310 4
1311 2
1312 0
1312 9
1313 7
1314 5
1315 3
1316 1
1317 8
1318 6
1319 4
1320 2
1320 3
1321 0
1321 1
1321 9
1322 7
1323 5
1324 3
1324 5
1325 1
1326 8
1327 6
1328 4
1329 2
1330 0
1330 9
1331 7
1332 5
1333 3
1334 1
1334 2
1335 8
1336 6
1337 4
1338 2
1339 0
1339 9
1340 7
1341 5
1342 3
1343 1
1344 8
1345 6
1345 7
1346 4
1347 2
1348 0
1348 9
1349 7
1350 5
1351 3
1352 1
1353 8
1354 6
1355 4
1356 2
1357 0
1357 9
1358 7
1359 5
1360 3
1360 5
1361 1
1362 8
1363 6
1364 4
1365 2
1366 0
1366 9
1367 7
1368 5
1369 3
1370 1
1371 8
1372 6
1373 4
1374 2
1375 0
1375 9
1376 7
1377 5
1378 3
1379 1
1380 8
1381 6
1382 4
1382 6
1383 2
1384 0
1384 9
1385 7
1386 5
1387 3
1388 1
1389 8
1390 6
1391 4
1392 2
1393 0
1393 9
1394 7
1395 5
1396 3
1397 1
1398 8
1399 6
1400 4
1400 5
1401 2
1402 0
1402 1
1402 2
1402 9
1403 7
1404 5
1405 3
1406 1
1407 8
1408 6
1409 4
1410 2
1411 0
1411 9
1412 7
1413 5
1414 3
1415 1
1416 8
1417 6
1417 7
1418 4
1419 2
1420 0
1420 9
1421 7
1422 5
1423 3
1424 1
1425 8
1426 6
1426 7
1426 8
1427 4
1428 2
1429 0
1429 9
1430 7
1431 5
1431 6
1432 3
1433 1
1434 8
1435 6
1436 4
1437 2
1438 0
1438 9
1439 7
1440 5
1441 3
1442 1
1443 8
1444 6
1445 4
1446 2
1447 0
1447 1
1447 2
1447 9
1448 7
1449 5
1450 3
1451 1
1452 8
1453 6
1454 4
1455 2
1456 0
1456 9
1457 7
1458 5
1459 3
1460 1
1461 0
1461 8
1462 6
1463 4
1464 2
1465 0
1465 9
1466 7
1467 5
1468 3
1469 1
1470 8
1471 6
1472 4
1473 2
1474 0
1474 9
1475 7
1476 5
1477 3
1478 1
1479 8
1480 6
1481 4
1482 2
1482 3
1483 0
1483 9
1484 7
1485 5
1486 3
1487 1
1488 8
1489 6
1490 4
1491 2
1492 0
1492 9
1493 7
1494 5
1495 3
1496 1
1497 8
1498 6
1499 4
1500 2
1501 0
1501 9
1502 7
1503 5
1504 3
1505 1
1506 8
1507 6
1508 4
1509 2
1509 3
1510 0
1510 9
1511 7
1512 5
1513 3
1514 1
1515 8
1516 6
1517 4
1518 2
1519 0
1519 9
1520 7
1521 5
1522 3
1523 1
1524 8
1525 6
1526 4
1527 2
1528 0
1528 9
1529 7
1530 5
1531 3
1532 1
1533 8
1534 7
1534 8
1535 5
1536 3
1537 1
1538 0
1538 8
1538 9
1539 6
1540 4
1540 5
1541 2
1541 3
1542 0
1542 9
1543 7
1543 8
1544 5
1545 3
1546 1
1547 0
1547 8
1548 6
1549 4
1550 2
1551 0
1551 9
1552 7
1553 5
1554 3
1555 1
1555 2
1556 0
1556 8
1557 6
1558 4
1559 2
1560 0
1560 9
1561 7
1561 8
1562 5
1563 3
1563 4
1564 1
1565 8
1566 6
1567 4
1568 2
1569 0
1569 9
1570 7
1571 5
1572 3
1573 1
1573 2
1574 8
1575 6
1576 4
1577 2
1578 0
1578 9
1579 7
1579 8
1580 5
1580 6
1581 3
1581 4
1582 1
1582 2
1583 8
1584 6
1585 4
1585 5
1586 2
1587 0
1587 1
1587 9
1588 7
1589 5
1589 6
1590 3
1591 1
1592 0
1592 8
1593 6
1594 5
1595 3
1596 1
1597 8
1598 6
1599 4
1600 2
1601 0
1601 9
1602 7
1603 5
1604 3
1605 1
