0 0
0 3
0 4
0 7
0 17
1 18
2 17
3 1
3 16
3 17
4 15
4 16
4 17
4 18
5 1
5 4
5 5
5 6
5 8
5 9
5 14
6 13
7 12
8 11
8 12
9 10
10 9
10 10
10 11
10 12
10 18
11 0
11 2
11 3
11 8
11 9
11 10
11 11
11 17
11 18
12 1
12 2
12 7
13 6
14 5
15 4
16 3
17 2
18 1
18 2
18 3
18 4
18 5
18 7
18 8
18 9
18 10
18 11
18 12
18 14
18 15
18 16
18 18
19 0
19 1
19 3
19 4
19 7
20 2
20 7
20 18
21 17
21 18
22 0
22 1
22 16
22 17
22 18
23 5
23 6
23 7
23 9
23 10
23 15
24 14
24 17
25 0
25 13
25 16
26 7
26 12
27 11
28 10
29 9
29 17
30 8
30 9
30 11
31 7
32 6
33 5
33 8
33 10
33 14
33 15
33 16
33 17
34 4
34 7
35 3
35 4
35 5
35 6
35 12
35 13
35 14
35 16
35 17
36 2
36 3
36 4
36 5
36 11
36 12
36 13
36 15
36 16
36 18
37 1
37 2
37 3
37 4
37 10
37 11
37 12
37 13
37 14
37 15
38 0
38 1
38 2
38 3
38 9
38 10
38 11
38 12
38 13
38 14
39 0
39 1
39 2
39 4
39 8
39 9
39 10
39 11
39 12
39 13
39 18
40 0
40 1
40 7
40 8
40 9
40 11
40 12
40 17
40 18
41 0
41 6
41 7
41 8
41 10
41 11
41 16
41 17
41 18
42 5
42 6
42 7
42 9
42 10
42 15
42 16
42 17
42 18
43 4
43 5
43 6
43 8
43 9
43 14
43 15
43 16
43 17
43 18
44 3
44 4
44 5
44 7
44 8
44 13
44 14
44 15
44 16
44 18
45 2
45 3
45 4
45 5
45 6
45 7
45 12
45 13
45 14
45 15
45 16
46 1
46 2
46 3
46 5
46 6
46 11
46 12
46 13
46 14
47 0
47 1
47 2
47 4
47 5
47 10
47 11
47 12
47 13
48 0
48 1
48 3
48 4
48 9
48 10
48 11
48 12
48 13
48 16
48 18
49 0
49 2
49 3
49 8
49 9
49 10
49 11
49 12
49 15
49 17
49 18
50 1
50 2
50 7
50 8
50 9
50 10
50 11
50 12
50 16
50 17
50 18
51 0
51 1
51 6
51 7
51 8
51 9
51 11
51 15
51 16
51 17
51 18
52 0
52 5
52 6
52 7
52 8
52 14
52 15
52 16
52 18
53 4
53 5
53 6
53 7
53 13
53 14
53 15
53 17
53 18
54 3
54 4
54 5
54 6
54 12
54 13
54 14
54 16
54 17
55 2
55 3
55 4
55 5
55 6
55 7
55 9
55 11
55 12
55 13
55 14
55 15
55 16
56 1
56 2
56 3
56 4
56 10
56 11
56 12
56 14
56 15
57 0
58 0
58 1
58 2
58 8
58 9
58 10
58 12
58 13
58 18
59 0
59 1
59 7
59 8
59 9
59 11
59 12
59 17
59 18
60 0
60 6
60 7
60 8
60 10
60 11
60 16
60 17
60 18
61 5
61 6
61 7
61 9
61 10
61 15
61 16
61 17
61 18
62 4
62 5
62 6
62 8
62 9
62 14
62 15
62 16
62 17
62 18
63 3
63 4
63 5
63 7
63 8
63 13
63 14
63 15
63 16
64 2
64 3
64 4
64 6
64 7
64 12
64 13
64 14
64 15
65 1
65 2
65 3
65 5
65 6
65 11
65 12
65 13
65 14
66 0
66 1
66 2
66 4
66 5
66 10
66 11
66 12
66 13
67 0
67 1
67 3
67 4
67 9
67 10
67 11
67 12
67 18
68 0
68 2
68 3
68 8
68 9
68 10
68 11
68 13
68 17
68 18
69 0
69 1
69 2
69 7
69 8
69 10
69 17
70 6
70 7
70 8
70 9
70 15
70 16
70 17
71 0
71 5
71 6
71 7
71 8
71 14
71 15
71 16
71 18
72 4
72 5
72 6
72 7
72 13
72 14
72 15
72 17
72 18
73 3
73 6
73 7
73 10
73 14
73 15
73 16
74 2
74 3
74 4
74 5
74 7
74 11
74 12
74 13
74 14
74 15
74 16
75 1
75 2
75 3
75 4
75 10
75 11
75 12
75 14
75 15
76 0
76 1
76 2
76 3
76 9
76 10
76 11
76 13
76 14
77 0
77 1
77 2
77 3
77 5
77 6
77 7
77 8
77 9
77 10
77 12
77 13
77 14
77 18
78 0
78 1
78 7
78 8
78 9
78 11
78 12
78 17
78 18
79 0
79 6
79 7
79 8
79 10
79 11
79 16
79 17
79 18
80 5
80 6
80 7
80 9
80 10
80 15
80 16
80 17
80 18
81 0
81 4
81 5
81 6
81 7
81 8
81 9
81 14
81 15
81 16
81 17
82 3
82 4
82 5
82 7
82 8
82 13
82 14
82 15
82 16
83 2
83 3
83 4
83 6
83 7
83 12
83 13
83 14
83 15
83 17
84 1
84 2
84 3
84 4
84 5
84 6
84 11
85 10
85 11
85 12
85 13
86 0
86 1
86 3
86 4
86 9
86 10
86 11
86 12
86 13
86 14
86 15
86 16
86 17
86 18
87 0
87 1
87 2
87 3
87 4
87 5
87 6
87 8
88 7
88 8
88 9
88 10
88 16
88 17
88 18
89 0
89 1
89 6
89 7
89 8
89 9
89 11
89 15
89 16
89 17
89 18
90 0
90 5
90 6
90 7
90 8
90 14
90 15
90 16
90 18
91 4
91 5
91 6
91 7
91 13
91 14
91 15
91 17
91 18
92 3
92 4
92 5
92 6
92 12
92 13
92 14
92 16
92 17
93 2
93 3
93 4
93 5
93 11
93 12
93 13
93 15
93 16
94 1
94 2
94 3
94 4
94 10
94 11
94 12
94 14
94 15
95 0
95 1
95 2
95 3
95 9
95 10
95 11
95 13
95 14
96 0
96 1
96 2
96 8
96 9
96 10
96 12
96 13
96 18
97 2
97 4
97 9
97 15
97 17
97 18
98 0
98 6
98 7
98 8
98 10
98 11
98 16
98 17
98 18
99 5
99 6
99 7
99 9
99 10
99 15
99 16
99 17
99 18
100 0
100 4
100 5
100 6
100 7
100 8
100 9
100 14
100 15
100 16
100 17
101 3
101 4
101 5
101 7
101 8
101 13
101 14
101 15
101 16
102 2
102 3
102 4
102 6
102 7
102 12
102 13
102 14
102 15
102 16
103 1
103 2
103 3
103 5
103 6
103 11
103 12
103 13
103 14
104 0
104 1
104 2
104 4
104 5
104 10
104 13
105 9
105 10
105 11
105 12
105 18
106 0
106 2
106 3
106 8
106 9
106 10
106 11
106 17
106 18
107 1
107 2
107 7
107 8
107 9
107 10
107 11
107 16
107 17
107 18
108 0
108 1
108 6
108 7
108 8
108 9
108 15
108 16
108 17
109 0
109 5
109 6
109 7
109 8
109 14
109 15
109 16
109 18
110 4
110 5
110 6
110 7
110 13
110 14
110 15
110 17
110 18
111 3
111 4
111 5
111 6
111 8
111 12
111 13
111 14
111 15
111 16
111 17
112 2
112 3
112 4
112 5
112 7
112 11
112 12
112 13
112 14
112 15
112 16
113 1
113 2
113 3
113 4
113 10
113 11
113 12
113 14
113 15
114 0
114 1
114 2
114 3
114 9
114 10
114 11
114 13
114 14
115 0
115 1
115 2
115 8
115 9
115 10
115 12
115 13
115 18
116 0
116 1
116 7
116 8
116 9
116 11
116 12
116 17
117 16
117 17
117 18
118 5
118 6
118 7
118 9
118 10
118 16
119 15
120 14
121 13
122 12
122 14
122 15
122 16
123 3
123 11
124 10
125 9
126 8
127 7
128 6
129 5
129 7
129 8
129 9
129 11
129 15
129 16
129 17
130 4
130 6
130 7
130 8
130 14
130 15
130 16
131 3
131 5
131 6
132 2
132 5
132 8
133 1
133 2
133 4
133 5
133 7
133 12
134 0
134 1
134 3
134 4
134 6
134 11
135 18
136 17
137 0
137 4
137 16
138 15
139 15
139 17
140 15
141 14
142 13
143 12
144 11
145 10
146 9
147 8
148 7
149 6
150 5
151 4
152 3
153 2
154 1
155 0
156 0
156 3
156 18
157 8
157 17
158 16
159 15
160 14
161 13
162 12
163 11
164 10
165 9
166 0
166 8
167 7
168 6
169 5
170 4
170 5
171 3
172 2
172 4
172 5
172 6
172 9
172 11
172 12
172 13
173 1
173 8
174 0
175 7
175 9
175 18
176 17
177 7
177 16
178 15
179 3
179 5
179 14
180 13
181 3
181 12
182 1
182 2
182 11
183 1
183 10
183 11
183 12
183 15
183 16
184 9
184 11
184 14
184 15
184 18
185 8
186 7
187 6
188 5
188 6
189 4
190 3
191 2
192 1
192 2
192 11
193 0
193 1
193 10
194 18
195 17
195 18
196 7
196 16
197 15
198 14
198 16
198 18
199 3
199 4
199 13
200 3
200 12
201 11
202 10
203 9
203 17
204 8
204 16
205 7
206 6
207 5
208 4
208 6
208 13
209 3
209 4
209 7
209 8
209 13
209 16
210 2
211 1
212 0
212 1
213 18
214 17
215 5
215 16
216 15
217 14
218 13
219 1
219 12
220 11
221 10
222 9
223 8
223 18
224 7
224 8
225 6
226 5
226 15
227 4
228 3
229 2
230 1
231 0
231 1
231 2
231 7
231 9
232 18
233 8
233 17
234 7
234 16
235 15
236 14
237 3
237 13
238 12
239 0
239 11
240 10
241 9
242 8
243 7
244 6
245 5
246 4
247 3
248 2
248 12
249 1
250 0
251 0
251 18
252 17
253 16
254 15
255 14
256 14
257 13
258 12
258 14
259 11
260 10
260 13
260 14
261 9
261 10
261 17
262 8
263 7
263 13
264 6
264 8
265 5
266 4
266 5
266 8
266 12
267 3
268 2
269 1
270 0
271 0
271 7
271 18
272 17
273 16
274 15
275 14
276 13
277 12
277 14
278 11
279 10
280 9
280 12
281 8
282 7
283 6
284 5
285 4
286 3
286 6
286 9
286 12
286 13
287 2
288 1
288 4
288 7
288 9
288 10
288 11
289 0
290 18
291 17
292 16
292 17
293 4
293 15
293 17
294 1
294 2
294 14
294 15
295 1
295 2
295 13
295 15
296 12
297 11
297 12
298 10
299 9
300 8
300 9
300 16
301 7
302 6
302 9
302 11
303 5
304 4
305 3
306 2
306 4
307 1
308 0
309 7
309 18
310 17
311 16
312 15
313 14
314 13
315 12
316 11
317 10
317 17
318 9
319 8
320 7
321 6
321 7
321 14
322 5
322 14
323 4
324 3
325 3
325 10
326 2
326 9
327 1
327 8
328 0
328 7
329 6
329 18
330 5
330 17
331 4
331 16
332 3
332 15
333 2
333 14
334 1
334 13
335 0
335 12
336 11
336 18
337 10
337 17
338 9
338 16
339 8
339 15
340 7
340 14
341 6
341 13
342 5
342 12
343 4
343 9
343 11
344 3
344 10
345 2
345 9
346 1
346 6
346 8
346 10
347 0
347 6
347 7
348 6
348 18
349 5
349 17
350 2
350 4
350 16
351 3
351 15
352 1
352 2
352 3
352 14
353 1
353 13
354 0
354 12
355 11
355 18
356 10
356 17
357 9
357 16
358 8
358 15
359 7
359 14
360 6
360 8
360 13
361 5
361 12
362 4
362 11
363 3
363 10
364 2
364 9
365 1
365 8
366 0
366 7
367 6
367 18
368 5
368 17
369 4
369 16
370 3
370 15
371 2
371 14
372 1
372 13
373 0
373 13
374 12
375 11
376 10
377 9
378 8
379 7
380 6
381 5
381 7
382 4
383 3
384 2
385 1
386 0
387 0
387 1
388 18
389 1
389 17
389 18
390 16
391 15
392 14
393 13
394 12
395 11
396 10
397 9
397 10
398 8
398 9
399 7
400 6
401 5
402 4
403 3
404 2
405 1
406 0
406 2
407 5
408 18
409 17
410 16
411 15
412 14
413 14
414 13
415 12
416 11
417 10
418 10
419 9
419 12
420 8
421 7
422 6
423 5
424 4
425 3
425 5
425 6
426 2
426 6
427 2
428 1
429 0
430 18
431 17
432 16
433 15
434 14
435 13
435 15
436 12
437 11
438 10
439 9
440 8
441 7
442 6
443 5
444 5
445 4
446 3
447 3
448 2
449 1
450 0
451 18
452 17
453 16
454 15
455 14
456 13
457 12
458 11
459 10
460 9
461 8
462 7
463 6
464 5
465 4
466 3
467 2
468 1
469 0
470 18
471 17
472 16
473 15
474 14
475 13
476 12
477 11
478 10
479 9
480 8
481 7
482 6
483 5
484 4
485 3
486 3
487 2
488 1
489 0
490 18
491 17
492 16
493 15
494 14
495 13
496 12
497 12
497 14
498 12
499 12
