0 0
1 0
1 2
1 3
1 4
1 6
2 1
2 3
2 5
3 2
3 4
3 5
4 1
4 3
4 5
5 0
5 2
6 1
6 4
6 6
7 0
7 3
7 4
7 5
8 2
8 4
8 6
9 1
9 5
10 4
10 5
11 3
11 4
11 6
12 0
12 2
13 1
13 3
13 4
13 6
14 0
14 3
14 4
14 5
15 6
16 0
16 1
16 3
16 5
16 6
17 0
17 4
18 3
18 4
18 6
19 0
19 2
19 4
19 5
20 1
20 2
20 4
20 5
20 6
21 0
22 2
22 6
23 1
23 2
23 3
23 5
24 4
25 3
25 6
26 0
26 2
26 5
26 6
27 1
28 0
29 2
29 3
29 4
29 6
30 1
30 3
30 5
31 2
31 4
32 3
33 2
33 5
34 1
34 2
34 3
34 4
34 6
35 0
35 1
35 3
35 4
35 5
36 6
37 5
38 2
38 4
39 1
39 3
39 6
40 0
40 2
41 1
42 0
42 3
42 5
43 6
44 5
45 4
46 1
46 3
46 4
47 0
47 2
48 1
49 0
49 3
49 5
50 6
51 1
51 3
51 5
52 2
52 4
53 3
53 6
54 2
54 3
55 1
56 0
57 0
57 2
57 3
57 4
57 6
58 1
58 2
58 5
59 2
59 4
60 1
60 3
61 0
61 2
62 1
63 0
64 0
64 1
64 2
64 3
64 4
64 6
65 1
65 5
66 0
66 4
66 5
67 0
67 1
67 3
67 4
67 6
68 0
68 2
69 1
70 0
71 2
71 6
72 5
73 4
74 3
75 2
76 1
77 0
77 1
77 2
77 3
77 5
78 2
78 4
78 6
79 3
79 5
80 0
80 1
80 2
80 4
81 3
82 0
82 2
82 5
83 1
83 4
83 5
83 6
84 0
84 3
85 2
85 6
86 1
86 3
86 5
86 6
87 0
87 2
87 4
88 3
88 6
89 0
89 2
89 3
89 5
90 1
91 0
91 3
91 5
92 6
93 1
93 3
93 5
94 0
94 2
94 4
94 5
95 3
96 0
96 2
96 3
96 5
96 6
97 1
97 4
97 6
98 0
98 1
98 3
98 5
99 6
100 1
100 5
101 0
101 4
102 3
102 5
102 6
103 2
103 5
104 1
104 6
105 0
105 3
105 5
106 6
107 1
107 2
107 5
108 0
108 4
109 3
110 0
110 2
110 4
110 5
110 6
111 1
111 4
111 6
112 0
112 3
113 4
113 6
114 0
114 2
114 3
114 5
115 0
115 2
115 4
116 3
116 5
116 6
117 0
117 2
117 5
118 1
118 4
119 0
120 6
121 1
121 3
121 5
122 4
123 1
123 3
123 6
124 2
125 1
125 4
126 0
126 3
127 2
127 4
127 6
128 1
128 5
129 4
130 0
130 3
130 6
131 2
132 1
132 3
132 4
133 0
133 2
133 3
133 4
134 6
135 0
135 1
135 3
135 5
136 0
136 4
137 0
137 1
137 3
137 6
138 2
138 5
138 6
139 1
139 4
140 0
140 3
141 2
141 6
142 1
142 3
142 5
143 4
144 3
144 6
145 2
145 5
146 1
146 3
146 4
147 0
147 2
147 3
147 5
148 0
148 2
148 4
148 6
149 1
149 3
149 5
150 2
150 4
150 6
151 1
151 3
152 0
152 2
153 1
153 4
153 5
154 0
154 3
155 1
155 2
155 4
155 6
156 1
156 5
157 4
158 3
158 4
158 6
159 2
159 4
159 5
160 1
160 3
160 4
160 5
161 0
162 2
162 4
162 6
163 1
163 5
164 2
164 4
165 1
165 3
166 0
166 2
166 3
166 5
167 1
167 4
167 6
168 0
168 2
168 3
168 4
169 2
169 4
169 6
170 1
170 2
170 3
170 5
171 2
171 4
171 5
172 3
172 6
173 2
173 5
174 1
174 4
174 6
175 0
175 1
175 2
175 3
175 5
176 2
176 6
177 1
177 3
177 5
178 0
178 4
179 1
179 3
179 6
180 0
180 2
181 1
181 4
182 0
182 3
183 2
183 6
184 1
184 5
185 0
185 1
185 2
185 4
186 3
187 2
187 5
188 1
188 4
188 6
189 0
189 2
189 3
189 5
190 2
190 4
190 6
191 5
192 0
192 1
192 4
193 3
193 6
194 2
195 1
195 4
196 0
197 6
198 1
198 3
198 5
199 4
200 0
200 3
201 0
201 2
201 5
201 6
202 1
202 3
202 5
202 6
203 0
203 5
204 0
204 1
204 2
204 6
205 0
205 5
206 0
206 2
206 4
206 5
206 6
207 1
207 3
207 5
207 6
208 0
208 2
208 5
209 1
209 6
210 0
210 2
210 3
210 4
210 5
211 2
211 4
211 6
212 1
212 3
212 5
213 2
213 4
214 0
214 1
214 3
215 2
215 5
216 1
216 4
216 6
217 0
217 2
217 3
217 4
217 5
218 4
218 6
219 3
219 5
220 4
221 1
221 3
222 0
222 2
222 5
223 1
223 6
224 0
224 2
224 3
225 1
225 2
225 6
226 5
227 0
227 2
227 4
228 0
228 1
228 3
228 6
229 2
229 4
229 5
229 6
230 1
231 0
231 3
231 5
232 2
232 4
232 6
233 5
234 4
234 6
235 3
236 0
236 2
237 1
237 6
238 0
238 2
238 3
238 4
238 5
239 2
239 3
239 4
239 6
240 3
240 5
241 4
242 1
242 3
242 6
243 0
243 2
243 5
244 1
244 4
245 0
246 2
246 6
247 5
248 2
248 4
249 1
249 3
249 4
249 6
250 0
250 2
251 1
251 3
251 4
251 5
251 6
252 0
252 2
252 3
252 4
252 5
253 2
253 6
254 1
254 5
255 4
255 6
256 0
256 3
256 5
256 6
257 2
257 4
257 5
257 6
258 1
258 3
258 4
258 5
259 0
259 3
260 6
261 1
261 3
261 5
262 4
263 1
263 3
264 2
264 4
264 5
265 1
265 4
265 5
266 0
266 2
266 3
267 4
267 6
268 3
268 5
269 4
270 3
271 0
271 2
272 1
273 0
273 3
273 4
274 0
274 2
274 4
274 6
275 3
275 5
276 4
277 3
277 5
277 6
278 2
278 4
278 5
278 6
279 1
279 6
280 0
280 2
281 6
282 3
282 5
283 0
283 1
283 4
283 6
284 0
284 3
284 6
285 2
285 5
286 1
286 3
286 4
287 0
288 4
288 6
289 5
290 0
290 1
290 4
291 3
291 6
292 2
292 4
292 5
293 1
294 0
294 2
294 3
294 5
295 4
295 6
296 1
296 5
297 2
297 4
297 6
298 0
298 3
299 0
299 2
299 3
299 5
299 6
300 1
300 2
300 4
300 5
300 6
301 0
302 6
303 5
304 0
304 2
304 4
304 5
304 6
305 3
305 5
306 0
306 2
306 4
306 5
306 6
307 1
307 6
308 0
308 2
308 3
308 5
309 4
309 6
310 1
310 2
310 5
311 0
311 4
312 1
312 3
312 6
313 0
313 2
313 5
314 1
314 5
314 6
315 0
315 3
315 4
316 2
316 6
317 1
317 5
318 2
318 4
319 3
320 2
320 4
321 1
321 6
322 0
322 2
322 3
323 1
323 2
323 3
323 6
324 1
324 5
325 4
326 3
327 2
327 4
327 5
327 6
328 1
328 3
328 4
329 0
330 6
331 5
332 0
332 4
333 1
333 3
334 2
335 1
335 5
336 0
337 6
338 3
338 5
339 2
339 4
340 1
340 3
341 0
341 2
342 1
343 0
343 5
344 4
344 6
345 0
345 5
346 4
347 3
348 2
349 1
350 0
350 5
351 3
351 4
351 6
352 5
353 4
354 0
354 3
354 6
355 2
356 1
357 0
357 3
357 5
358 2
358 4
358 6
359 5
360 4
361 1
361 3
362 0
362 2
363 1
363 4
364 0
364 3
365 2
365 4
365 6
366 1
366 3
366 5
367 4
368 1
368 3
369 0
369 2
370 1
371 0
371 3
372 2
372 6
373 5
374 2
374 4
375 3
376 2
376 5
377 1
378 0
379 4
379 6
380 3
380 5
381 2
381 4
381 5
381 6
382 0
382 1
382 3
383 2
384 1
385 0
385 3
386 2
386 6
387 1
387 2
387 5
388 4
389 1
389 3
389 6
390 0
390 2
391 1
391 6
392 1
392 3
393 0
394 6
395 5
396 4
397 3
397 5
398 2
399 1
399 2
399 5
400 0
400 2
401 6
402 0
402 5
403 4
404 3
404 5
405 2
405 4
406 1
406 3
407 1
408 0
408 1
408 3
409 0
409 6
410 5
410 6
411 4
411 5
412 3
413 2
413 3
414 1
415 0
415 3
416 0
416 6
417 5
417 6
418 4
419 3
419 4
419 5
420 2
420 3
420 4
420 5
421 1
422 0
423 0
423 2
423 6
424 5
424 6
425 4
425 5
426 3
427 2
427 3
428 1
428 2
429 0
429 1
429 2
430 6
431 5
431 6
432 4
432 5
433 3
433 4
434 2
434 3
435 1
436 0
437 0
437 1
437 6
438 5
439 4
440 3
440 4
441 2
442 1
442 2
443 0
443 1
444 6
445 5
446 4
446 5
447 3
447 4
447 6
448 2
449 1
450 0
451 6
452 5
453 4
454 3
454 4
454 6
455 2
455 3
456 1
457 0
457 2
458 6
459 0
459 5
459 6
460 0
460 4
460 5
460 6
461 3
462 2
463 1
464 0
465 6
466 0
466 5
466 6
467 4
467 5
468 3
469 2
470 1
471 0
472 0
472 1
472 6
473 0
473 5
474 4
475 3
475 4
476 2
477 1
478 0
479 0
479 2
479 6
480 1
480 5
480 6
481 0
481 4
482 3
483 2
484 1
485 1
486 0
487 0
487 6
488 0
488 5
488 6
489 4
490 3
491 2
492 1
493 0
494 6
495 5
495 6
496 4
497 3
497 4
498 2
499 1
499 3
500 0
501 6
502 5
503 4
504 3
505 2
506 1
507 0
508 6
509 5
510 4
511 3
512 2
513 1
514 0
515 6
516 5
517 4
518 3
519 2
520 1
521 0
522 6
523 5
524 4
525 3
526 2
527 1
528 0
529 6
530 0
530 5
531 4
532 3
533 2
534 1
535 0
536 6
537 5
538 4
539 3
540 2
541 1
542 0
543 6
544 5
545 4
546 3
547 2
547 3
548 1
549 0
550 6
551 5
552 4
553 3
554 2
555 1
556 0
557 6
558 5
559 4
560 3
561 2
562 1
562 2
562 3
563 0
564 6
565 5
566 4
567 3
568 2
569 1
570 0
571 6
572 5
573 4
574 3
575 2
576 1
577 0
577 1
578 6
579 0
579 5
580 4
581 3
582 2
583 1
584 0
585 6
586 5
587 4
588 3
589 2
590 1
591 0
591 2
592 6
593 5
594 4
595 3
596 2
597 1
598 0
599 6
600 5
601 4
601 6
602 3
603 2
604 1
605 0
606 6
607 5
608 4
608 5
609 3
610 2
611 1
612 0
613 6
614 5
615 4
616 3
617 2
618 1
619 0
619 2
620 6
621 5
622 4
623 3
624 2
625 1
626 0
627 6
628 5
629 4
630 3
631 2
632 1
633 0
634 6
635 5
636 4
637 3
638 2
639 1
640 0
641 6
642 5
643 4
644 3
645 2
645 4
646 1
647 0
648 6
649 5
650 4
651 3
651 4
652 2
653 1
654 0
655 6
656 5
657 4
658 3
659 2
660 1
661 0
661 1
662 6
663 5
664 4
665 3
666 2
667 1
668 0
669 6
670 5
671 4
671 6
672 3
673 2
674 1
675 0
675 2
676 6
677 5
678 4
679 3
680 2
681 1
682 0
683 6
684 5
685 4
686 3
686 5
687 2
688 1
689 0
690 6
691 5
692 4
693 3
694 2
695 1
696 0
696 2
697 6
698 5
699 4
700 3
701 2
702 1
703 0
703 1
704 6
705 5
706 4
707 3
708 2
709 1
710 0
711 1
711 6
712 5
713 4
714 3
715 2
716 1
717 0
718 6
719 5
720 4
721 3
722 2
723 1
724 0
725 6
726 5
727 4
727 5
728 3
729 2
730 1
731 0
732 0
732 6
733 5
734 4
735 3
736 2
737 1
738 0
738 2
739 6
740 5
741 4
741 5
741 6
742 3
742 4
742 5
743 2
744 1
745 0
746 6
747 5
748 4
749 3
750 2
750 4
751 1
752 0
753 6
754 5
755 4
756 3
756 5
757 2
758 1
759 0
760 6
761 5
762 4
763 3
764 2
765 1
766 0
767 6
768 5
769 4
770 3
771 2
772 1
773 0
774 6
775 5
776 4
777 3
778 2
779 1
779 2
780 0
781 6
782 5
783 4
784 3
785 2
785 3
785 4
786 1
787 0
788 6
789 0
789 5
790 4
791 3
792 2
793 1
794 0
795 6
796 0
796 5
797 4
798 3
799 2
800 1
801 0
801 1
802 6
803 5
804 4
805 3
806 2
807 1
808 0
809 6
810 5
811 4
812 3
813 2
814 1
815 0
816 6
817 5
818 4
819 3
820 2
821 1
822 0
823 6
824 5
825 4
826 3
827 2
828 1
829 0
830 6
831 5
832 4
833 3
834 2
835 1
836 0
837 6
838 5
839 4
840 3
841 2
842 1
843 0
844 6
845 5
846 4
847 3
848 2
849 1
850 0
851 6
852 5
853 4
854 3
855 2
856 1
857 0
858 6
859 5
860 4
861 3
862 2
863 1
864 0
865 6
866 5
867 4
868 3
869 2
870 1
871 0
872 6
873 5
874 4
875 3
876 2
877 1
878 0
879 6
880 5
881 4
882 3
883 2
884 1
885 0
886 6
887 5
888 4
889 3
890 2
891 1
892 0
893 6
894 5
895 4
896 3
897 3
898 2
899 1
900 0
901 6
902 5
903 4
904 3
905 2
906 1
907 0
908 0
908 6
909 5
910 4
910 5
911 3
912 2
913 1
914 0
915 6
916 5
916 6
917 4
918 3
919 2
920 1
921 0
922 0
922 6
923 5
924 4
925 3
926 2
927 1
928 0
929 6
930 5
931 4
932 3
933 2
934 1
935 0
936 6
937 5
938 4
939 3
940 2
941 1
942 0
943 6
944 5
945 4
946 3
947 2
948 1
949 0
950 6
951 5
952 4
953 3
954 2
955 1
956 0
957 6
958 5
959 4
960 3
961 2
962 1
963 0
964 6
965 5
966 4
967 3
968 2
969 1
970 0
971 6
972 5
973 4
974 3
975 2
976 1
977 0
978 6
979 5
980 4
981 3
982 2
983 1
984 0
985 6
986 5
987 4
988 3
989 2
990 1
991 0
992 6
993 5
994 4
995 3
996 2
997 1
998 0
999 6
1000 5
1001 4
1002 3
1003 2
1004 1
1005 0
1006 6
1007 5
1008 4
1009 3
1010 2
1011 1
1012 0
1013 6
1014 5
1015 4
1016 3
1017 2
1018 1
1019 0
1020 6
1021 5
1022 4
1023 3
