0 15
0 16
0 17
0 18
0 19
0 20
0 21
0 22
0 23
1 23
1 24
1 25
1 26
1 27
1 28
1 29
1 30
1 31
1 32
1 33
1 34
1 35
1 36
1 37
1 38
1 39
1 40
1 41
1 42
1 43
1 44
1 45
1 46
1 47
1 48
1 49
1 50
1 51
1 52
1 53
1 54
1 55
1 56
1 57
1 58
1 59
1 60
1 61
2 61
2 62
2 63
2 64
2 65
2 66
2 67
2 68
2 69
2 70
2 71
2 72
2 73
2 74
2 75
2 76
2 77
2 78
2 79
2 80
2 81
2 82
2 83
2 84
2 85
2 86
2 87
2 88
2 89
2 90
2 91
2 92
2 93
2 94
2 95
2 96
2 97
2 98
2 99
3 99
3 100
3 101
3 102
3 103
3 104
3 105
3 106
3 107
3 108
4 108
4 109
4 110
5 107
5 108
6 109
6 110
6 111
6 112
6 113
6 114
6 115
6 116
6 117
6 118
7 118
7 119
7 120
7 121
7 122
7 123
7 124
7 125
7 126
7 127
7 128
7 129
7 130
7 131
7 132
7 133
7 134
7 135
7 136
7 137
7 138
7 139
7 140
7 141
7 142
7 143
7 144
7 145
7 146
7 147
7 148
7 149
7 150
7 151
7 152
7 153
7 154
7 155
7 156
7 157
8 117
8 118
8 157
8 158
8 159
8 160
8 161
8 162
8 163
8 164
8 165
8 166
8 167
8 168
8 169
8 170
8 171
8 172
8 173
8 174
8 175
8 176
8 177
8 178
8 179
8 180
8 181
8 182
8 183
8 184
8 185
8 186
8 187
8 188
8 189
8 190
8 191
8 192
8 193
8 194
8 195
8 196
8 197
8 198
8 199
8 200
8 201
8 202
8 203
8 204
8 205
8 206
8 207
8 208
8 209
8 210
8 211
8 212
8 213
8 214
8 215
8 216
8 217
8 218
8 219
8 220
8 221
8 222
8 223
8 224
8 225
8 226
8 227
9 55
9 62
9 63
9 64
9 65
9 227
9 228
9 229
9 230
9 231
9 232
10 54
11 231
11 232
11 233
11 234
11 235
11 236
11 237
11 238
11 239
11 240
11 241
12 241
12 242
12 243
13 11
13 243
13 244
13 245
13 246
13 247
13 248
13 249
13 250
13 251
13 252
13 253
13 254
13 255
13 256
13 257
13 258
14 195
14 196
14 258
14 259
15 52
15 53
15 54
15 55
16 109
17 46
17 47
17 57
17 58
17 255
17 256
18 256
18 257
18 258
18 259
18 260
19 255
19 256
19 257
19 258
19 259
19 260
19 261
19 262
19 263
19 264
20 254
20 255
20 256
20 257
20 258
20 264
20 265
20 266
20 267
21 253
21 254
21 255
21 256
21 257
22 252
22 253
22 254
22 255
22 256
22 266
22 267
22 268
22 269
22 270
22 271
22 272
22 273
22 274
22 275
22 276
22 277
22 278
22 279
22 280
22 281
22 282
22 283
22 284
22 285
22 286
22 287
22 288
22 289
22 290
22 291
22 292
22 293
22 294
22 295
22 296
22 297
22 298
22 299
22 300
22 301
22 302
22 303
22 304
22 305
22 306
22 307
23 251
23 252
23 253
23 254
23 255
24 306
24 307
25 307
25 308
26 306
26 307
26 308
26 309
26 310
26 311
26 312
26 313
27 305
27 306
27 307
27 308
27 309
27 310
27 313
27 314
27 315
27 316
27 317
27 318
28 72
28 73
28 318
28 319
28 320
28 321
28 322
28 323
28 324
28 325
28 326
28 327
28 328
28 329
28 330
28 331
28 332
28 333
28 334
28 335
28 336
28 337
28 338
28 339
28 340
29 340
29 341
30 82
30 339
30 340
30 341
30 342
30 343
31 338
31 339
31 343
31 2094
31 2095
32 213
32 214
32 215
32 216
32 217
32 226
32 227
32 343
32 344
32 345
32 346
32 347
32 348
32 349
32 350
32 351
32 352
32 353
32 354
32 355
32 356
32 357
32 358
32 359
32 360
32 361
32 362
32 363
32 364
32 365
32 366
32 2086
33 207
33 217
33 224
33 225
33 226
33 350
33 351
33 366
33 367
33 368
33 369
33 370
33 371
33 372
33 373
33 374
33 375
33 376
33 377
33 378
33 379
33 380
33 381
33 382
33 383
33 384
34 216
35 30
35 31
35 32
35 33
35 35
35 36
35 37
35 54
35 55
35 56
35 57
35 199
35 200
35 201
35 203
35 204
35 383
36 29
36 30
36 31
36 32
36 383
36 384
36 385
37 28
37 29
37 30
37 31
37 44
37 45
37 46
37 47
37 48
37 382
37 383
37 384
37 385
38 88
38 89
38 90
38 91
38 92
38 93
38 385
38 386
38 387
38 388
38 389
38 390
38 391
39 391
39 392
39 393
39 394
39 395
39 396
39 397
39 398
39 399
39 400
40 400
40 401
40 402
40 403
40 404
40 405
41 405
41 406
41 407
41 408
42 407
42 408
42 409
42 2056
42 2057
43 64
43 324
43 325
44 404
44 405
44 406
44 407
44 408
44 409
44 410
44 411
44 412
44 2064
45 231
45 232
45 233
45 412
45 413
45 414
45 415
45 416
45 417
45 418
45 419
45 420
45 421
45 422
45 423
45 424
45 425
45 426
45 427
45 428
45 429
45 430
45 431
46 49
46 50
46 431
47 431
47 432
47 433
47 434
47 435
47 436
48 436
48 437
48 438
48 439
48 440
48 441
48 442
48 443
49 72
49 73
49 74
49 75
49 76
49 77
49 443
49 444
50 444
51 192
51 193
51 194
51 444
52 444
52 445
53 445
54 444
54 445
54 446
55 33
55 446
55 447
55 2058
56 342
56 343
56 447
56 448
56 449
56 2057
57 2056
58 314
59 446
60 446
60 447
60 448
60 449
61 449
61 450
61 451
61 452
61 453
61 454
61 455
61 456
62 455
62 456
62 457
62 458
62 459
62 460
62 461
62 462
62 463
62 464
62 465
62 466
62 467
62 468
62 469
62 2078
62 2079
63 469
63 470
64 174
64 175
64 176
64 304
64 305
65 469
66 469
66 470
66 471
66 472
66 473
66 474
66 475
66 476
66 477
66 478
66 479
66 480
66 481
66 482
66 483
66 484
66 485
66 486
66 487
66 488
67 488
67 489
67 490
67 491
67 492
68 492
68 493
68 494
68 495
68 496
68 497
68 498
68 499
68 500
68 501
68 502
68 503
68 504
68 505
68 506
68 507
68 508
68 509
68 510
68 511
68 512
68 513
68 514
68 515
68 516
68 517
68 518
68 519
68 520
68 521
68 522
68 523
69 523
69 524
69 525
70 91
70 92
70 93
70 94
70 522
70 523
70 524
70 525
70 526
70 527
70 528
70 529
70 530
70 531
70 532
70 533
71 532
72 531
72 532
72 533
73 29
74 527
74 531
74 532
74 533
75 341
75 342
75 415
75 416
75 532
75 533
75 534
75 535
75 536
75 537
75 538
75 539
75 540
75 541
75 542
75 543
75 544
75 545
75 546
76 167
76 168
76 169
76 546
76 547
77 166
77 167
77 168
77 2034
77 2035
78 287
79 286
80 285
81 284
81 542
81 543
81 544
82 283
83 282
84 539
84 540
84 541
84 542
84 543
85 541
85 542
85 543
85 544
86 537
86 538
86 539
86 540
86 541
87 536
87 537
87 538
87 543
87 544
88 535
88 536
88 537
89 141
89 142
89 143
89 149
89 280
89 281
89 534
89 535
89 536
89 543
89 544
89 545
89 546
89 547
89 548
90 533
90 534
90 535
90 548
90 549
91 532
91 533
91 534
92 531
92 532
92 533
93 143
93 144
94 546
94 547
94 548
94 549
94 550
94 551
94 552
95 552
95 553
96 551
96 552
96 553
96 554
96 555
97 191
97 192
98 190
98 191
98 197
98 198
98 199
98 200
99 404
99 405
100 82
100 84
100 85
100 86
100 104
100 111
100 552
100 553
100 554
100 555
100 556
100 557
101 143
101 144
101 335
101 336
101 337
101 385
101 557
101 558
101 559
101 560
101 561
101 562
101 563
101 564
101 565
101 566
101 567
102 528
102 567
102 568
103 337
103 338
103 339
103 568
103 569
103 570
103 571
103 572
103 573
103 574
103 575
103 576
103 577
103 578
104 578
104 579
105 577
106 576
106 578
106 579
107 575
108 129
108 130
108 131
108 565
108 578
108 579
108 580
108 581
108 582
108 583
108 584
109 564
109 2073
109 2074
110 583
111 321
111 322
111 323
111 324
111 583
111 584
111 585
111 586
111 587
111 588
111 589
111 590
111 591
111 592
111 593
111 594
111 595
111 596
111 597
112 597
112 598
112 599
112 600
112 601
112 602
112 603
112 604
113 602
113 603
114 603
115 603
115 604
115 605
115 606
116 603
116 604
116 605
117 604
118 603
119 405
119 568
119 603
119 604
119 605
119 606
119 607
119 608
119 609
119 610
119 611
119 612
119 613
119 614
120 2054
120 2055
121 613
121 614
121 615
121 616
122 616
122 617
122 618
123 526
123 549
123 550
123 551
123 615
123 618
123 619
123 620
123 621
123 622
124 201
124 202
124 622
124 623
124 624
124 1985
124 1986
125 623
125 624
125 625
125 626
125 627
125 628
125 629
125 630
126 630
126 631
126 632
126 633
126 634
126 635
126 636
126 637
126 638
126 639
126 640
126 641
126 642
126 643
126 644
127 643
127 644
127 645
127 646
128 645
128 646
128 647
128 648
128 649
129 110
129 111
129 251
129 252
129 253
129 254
130 643
130 644
130 645
130 646
130 647
130 648
130 649
130 650
131 452
131 453
131 454
132 223
133 359
133 360
133 647
133 648
133 649
133 650
133 651
133 652
134 408
134 409
134 650
134 651
134 652
134 653
134 654
134 655
134 656
134 657
134 658
134 659
134 660
135 617
135 618
136 649
136 650
136 651
137 658
137 659
138 658
138 659
138 660
138 661
138 662
138 663
138 664
139 218
140 662
140 663
141 92
141 661
141 662
141 663
141 664
141 1942
142 534
142 535
142 536
142 664
142 665
142 666
142 667
142 668
142 669
142 670
142 671
142 672
143 91
143 92
144 671
144 672
144 673
144 674
144 675
144 676
145 483
145 484
145 485
145 676
145 677
145 678
145 679
145 680
145 681
146 211
146 212
147 210
147 211
147 680
147 681
148 70
148 71
148 72
148 658
148 659
149 679
150 678
150 679
150 680
150 681
150 682
151 251
151 252
151 452
151 453
151 454
151 455
151 512
151 513
151 677
151 678
151 679
151 680
151 681
151 682
151 683
151 684
151 685
151 686
151 687
151 688
151 689
151 690
151 691
151 692
151 693
151 694
151 695
151 696
151 697
151 698
151 699
151 700
152 700
152 701
152 702
152 703
152 704
153 157
154 79
154 80
154 208
154 209
154 675
154 676
154 703
154 704
154 705
155 378
155 379
155 551
155 552
156 360
157 703
157 704
158 617
159 266
159 267
159 268
160 470
160 471
160 472
161 200
161 701
161 702
161 703
162 703
163 143
163 583
163 584
163 683
163 684
163 702
163 703
163 704
163 705
163 706
163 707
163 708
163 2047
163 2048
163 2049
163 2050
163 2062
163 2063
163 2064
163 2065
163 2066
164 612
164 613
164 708
164 709
164 710
164 711
164 712
164 713
164 714
164 715
164 716
164 717
164 718
164 719
164 720
164 721
164 722
164 723
164 724
164 725
164 726
164 727
165 55
165 56
165 57
165 193
165 194
165 222
165 223
165 727
165 728
165 729
165 730
165 731
165 732
166 506
166 732
166 733
167 213
167 214
167 215
167 216
167 217
168 212
168 213
168 214
168 215
168 216
169 63
169 205
169 206
169 207
169 208
169 211
169 212
169 213
169 214
169 215
169 306
169 453
169 454
169 455
169 728
169 731
169 732
169 733
169 734
169 735
169 736
169 737
170 210
170 211
170 212
170 213
170 214
170 234
170 292
170 293
170 377
170 378
170 737
170 738
170 739
170 740
170 741
170 742
170 743
171 261
171 262
171 743
171 744
172 595
172 596
172 597
172 598
172 599
172 744
172 745
172 746
172 747
172 748
172 749
173 182
173 749
173 750
173 751
174 751
174 752
175 750
175 751
175 752
175 753
175 754
175 755
175 2064
175 2067
175 2068
175 2069
175 2070
175 2071
176 499
176 754
177 594
178 311
178 312
179 752
179 753
179 754
180 670
180 671
181 291
181 424
181 425
182 290
183 289
184 288
185 287
185 749
185 750
186 286
187 197
187 198
188 436
188 437
188 438
189 1910
190 2037
190 2038
190 2039
190 2040
191 424
192 424
192 425
193 742
193 1906
193 1907
193 1908
194 2065
194 2066
195 741
196 2038
196 2041
196 2042
196 2043
196 2044
196 2045
197 2037
197 2040
197 2041
197 2042
197 2043
197 2044
198 2036
198 2039
198 2040
198 2041
198 2042
198 2043
199 2035
199 2038
199 2039
199 2040
199 2041
199 2042
200 2042
200 2043
201 733
202 324
202 325
202 2042
202 2043
202 2044
202 2045
203 2044
203 2045
203 2046
203 2047
204 336
204 337
204 338
204 346
204 347
204 348
204 349
204 360
204 729
205 2041
205 2042
205 2043
205 2044
206 43
206 44
206 45
207 16
207 17
207 157
207 158
207 159
207 160
208 524
209 22
209 23
209 24
209 25
210 614
211 722
211 723
211 724
211 725
212 9
212 162
212 163
212 724
212 725
212 726
212 727
212 728
212 729
212 730
212 731
212 732
212 733
212 734
212 735
212 736
212 737
212 738
213 738
214 623
214 624
214 625
214 738
214 739
214 740
214 741
215 202
215 203
215 204
215 289
216 435
216 436
217 77
217 434
217 435
217 637
217 638
218 433
218 434
219 96
219 97
220 255
220 256
220 1874
220 1875
220 1876
220 2084
220 2085
220 2086
221 34
221 35
222 178
222 179
222 180
222 181
222 383
222 384
222 621
222 730
223 111
223 1968
223 1969
223 1975
223 1984
224 287
224 288
224 644
224 729
224 730
224 731
224 732
225 2088
225 2089
226 2087
226 2088
227 2086
227 2087
228 75
229 608
229 609
229 725
230 2012
230 2013
230 2014
231 415
232 2012
232 2013
233 453
233 454
233 720
234 720
234 721
234 722
234 1852
234 1853
234 1854
235 214
236 182
236 720
236 721
236 722
236 723
237 537
237 538
237 539
237 722
238 536
238 537
238 538
239 535
239 536
239 537
239 2055
239 2056
239 2057
240 88
240 89
241 196
241 197
241 198
241 719
241 720
241 721
241 722
241 723
241 724
241 725
241 726
241 727
241 728
241 729
242 210
243 680
243 681
243 1906
243 1907
244 696
244 727
244 728
244 729
245 729
245 730
246 357
246 358
246 730
246 731
247 445
248 1833
248 1834
248 1835
249 1849
250 1848
251 1847
252 1846
253 1845
254 723
254 724
254 2001
254 2002
255 1997
255 1998
256 81
257 80
258 294
258 295
258 296
258 651
258 652
258 653
258 719
259 303
259 304
259 305
260 302
260 303
260 304
260 1875
260 1876
260 1877
260 1878
261 480
261 659
261 660
261 717
261 718
261 719
262 658
262 659
263 1903
264 225
264 716
264 717
264 718
264 719
265 413
265 414
266 41
266 42
266 386
266 718
266 1814
266 1815
266 1816
267 1813
267 1814
267 1815
268 380
268 683
268 713
268 714
268 1925
269 536
269 537
269 538
270 364
271 537
271 538
271 539
271 540
272 710
272 711
272 712
272 713
273 712
273 713
273 714
273 715
273 716
273 717
274 1767
274 1768
275 1801
275 1802
275 1803
276 1800
276 1801
276 1802
277 1898
277 1899
277 2032
278 375
278 376
278 377
278 378
278 379
278 380
279 699
279 700
280 709
280 710
280 711
281 646
281 1944
281 1945
281 1946
282 663
283 617
284 616
285 28
285 29
285 34
285 35
285 42
285 43
286 41
286 42
287 163
287 164
288 460
288 461
288 462
288 463
289 2049
289 2050
290 205
290 206
290 494
290 495
290 496
290 1855
291 203
291 204
291 696
292 202
292 203
293 201
293 202
294 200
294 201
295 199
295 200
296 198
296 199
297 42
297 43
297 591
297 592
297 593
297 691
298 597
298 598
298 599
298 1745
299 690
299 691
299 692
299 693
299 1784
299 1785
300 475
300 509
300 510
300 511
300 693
300 694
300 695
300 696
301 592
302 1919
302 1920
302 1921
303 1918
303 1919
303 1920
304 1862
304 1863
305 691
305 692
306 683
307 682
308 681
309 680
310 442
310 443
310 2027
311 1839
312 195
312 196
312 197
312 202
312 203
312 205
312 206
312 207
312 208
312 219
312 684
312 685
312 686
312 687
312 688
312 689
312 690
312 691
313 408
313 409
313 410
314 680
314 681
314 690
314 691
315 691
315 692
315 693
316 129
316 130
316 690
316 693
317 446
317 447
318 259
318 299
319 258
320 117
320 118
320 664
320 690
320 691
320 692
320 693
320 694
320 695
320 696
320 697
321 519
322 350
323 694
324 58
324 59
324 60
325 57
325 58
325 59
326 336
326 337
327 50
327 51
327 52
327 53
328 395
328 396
328 397
328 398
328 399
328 567
328 689
329 230
329 231
329 232
329 233
330 142
330 2078
330 2079
331 266
331 267
331 268
331 269
332 10
332 11
332 685
332 686
333 320
333 321
333 654
334 685
334 686
334 687
334 688
334 689
334 690
334 1834
335 685
335 686
335 687
335 688
336 167
336 168
336 169
336 177
336 178
336 179
336 180
337 187
338 288
339 679
339 680
340 678
340 679
340 684
340 685
340 686
341 677
341 678
342 676
342 677
342 678
342 679
342 680
342 681
343 464
343 465
343 684
343 685
343 686
343 1946
343 1947
343 1948
343 1949
343 1950
343 1951
344 686
344 1921
345 1931
345 1932
345 1933
346 146
346 147
346 684
346 685
346 686
346 687
346 688
346 689
346 690
346 691
347 619
347 620
347 621
347 622
348 608
348 690
348 691
348 692
348 1679
348 1680
349 692
349 693
350 490
351 106
351 107
352 3
352 4
352 691
352 692
353 366
353 367
353 368
353 369
353 370
353 1902
354 360
354 361
354 362
354 1872
354 1873
355 569
355 570
355 571
355 627
355 687
355 1825
355 1826
355 1827
355 1828
356 378
356 379
356 380
356 381
356 453
356 454
356 1844
356 1845
356 1846
356 1847
357 1934
358 604
358 605
358 606
358 607
358 684
359 1912
359 1913
359 1914
360 47
360 48
360 49
361 1967
361 1968
361 1969
361 1970
362 680
362 2093
363 403
363 404
363 405
363 1961
363 1962
363 1963
363 1964
364 592
364 593
364 594
364 595
365 584
366 626
366 627
366 672
366 673
366 674
366 675
366 676
366 677
366 678
366 679
367 671
367 672
367 673
367 674
367 675
367 676
368 670
368 671
368 672
368 673
368 674
368 675
369 669
369 670
369 671
369 672
369 673
369 674
370 668
370 669
370 670
370 671
370 672
370 673
371 667
371 668
371 669
371 670
371 671
371 672
372 385
373 509
374 2020
374 2021
375 542
375 543
375 544
376 323
376 324
376 325
376 326
377 67
377 68
378 489
378 490
378 491
379 638
379 639
379 1958
380 242
380 243
380 246
380 247
380 248
380 249
381 249
381 250
381 2000
381 2001
382 659
383 145
383 146
383 147
384 144
384 145
384 146
385 546
386 535
386 1765
387 1703
387 1704
387 1705
387 1706
387 1707
388 1702
388 1703
388 1704
388 1705
388 1706
389 1884
389 1885
390 336
390 337
390 338
390 2088
391 388
391 389
392 329
392 330
392 331
392 332
393 243
393 244
393 245
394 537
394 1805
394 1806
395 480
396 43
396 44
396 585
396 586
396 643
396 1852
396 1853
396 1854
396 1855
396 1856
396 1857
396 2037
396 2038
396 2081
396 2082
397 167
397 168
397 169
398 582
398 583
399 29
399 30
399 31
400 240
400 241
401 239
401 240
401 2050
401 2051
401 2052
401 2053
402 389
402 390
403 295
403 296
403 297
403 298
403 299
404 294
404 295
404 296
404 297
404 298
405 30
405 31
405 1906
405 1907
405 1908
405 1909
406 630
407 594
407 2041
407 2042
407 2043
407 2044
408 1690
408 1691
409 1858
409 1859
409 1860
409 1861
410 22
410 23
410 1741
411 1832
411 1833
411 1834
412 2015
413 272
413 273
413 274
413 275
414 618
414 619
415 619
416 617
417 617
417 618
418 614
418 615
419 613
420 613
420 614
421 614
422 614
422 615
422 616
423 616
424 616
425 616
425 617
426 617
426 618
426 619
427 619
427 620
427 621
428 620
429 620
429 621
429 622
429 623
429 624
429 625
429 626
430 625
430 626
430 627
430 628
430 629
430 630
430 631
430 632
431 624
431 625
432 631
432 632
432 633
432 634
432 635
432 636
433 636
433 637
434 637
434 638
434 639
434 640
434 641
434 642
434 643
434 644
434 645
435 645
436 645
436 646
436 647
436 648
437 648
437 649
438 649
438 650
438 651
438 652
438 653
439 609
439 610
440 649
441 649
441 650
442 650
443 650
443 651
443 652
444 652
444 653
445 650
445 651
445 652
445 653
446 653
446 654
447 654
447 655
448 655
448 656
448 657
449 657
449 658
449 659
449 660
449 661
449 662
450 662
451 659
451 660
452 660
452 661
452 662
453 660
454 657
454 658
454 659
454 660
455 660
456 658
456 659
457 658
457 659
457 660
457 661
457 662
457 663
457 664
458 663
458 664
459 617
460 662
460 663
461 662
461 663
461 664
462 664
462 665
462 666
463 49
463 666
463 667
463 668
463 669
463 670
464 670
464 671
465 671
466 670
466 671
466 672
466 673
466 674
466 675
466 676
466 677
467 675
468 675
469 675
470 675
471 674
472 674
472 675
472 676
472 677
472 678
473 678
474 678
474 679
474 680
474 681
475 642
475 643
476 680
476 681
476 682
477 412
477 682
477 683
477 684
477 685
477 686
478 686
478 687
478 688
479 688
480 635
480 636
481 532
481 538
481 687
481 688
481 689
481 690
481 691
481 692
482 692
482 693
483 693
484 690
485 690
485 691
485 692
486 515
486 516
487 691
487 692
487 693
487 694
488 694
488 695
489 693
489 694
489 695
490 695
490 696
491 695
491 696
492 696
492 697
492 698
493 698
493 699
494 699
494 700
495 700
496 699
496 700
496 701
496 702
496 703
497 703
497 704
498 570
498 571
499 703
500 702
500 703
500 704
501 703
501 704
501 705
502 704
503 704
504 704
505 702
505 703
506 703
506 704
507 702
507 703
507 704
507 705
507 706
507 707
507 708
507 709
507 710
508 709
508 710
508 711
508 712
508 713
509 713
509 714
509 715
509 716
509 717
509 718
510 718
511 718
511 719
512 719
513 716
513 717
513 2025
514 717
514 718
515 718
516 548
516 549
516 550
516 551
517 717
518 564
518 565
519 716
519 717
519 718
519 719
519 720
519 721
520 721
520 722
520 723
521 723
521 724
521 725
522 725
523 725
523 726
523 727
524 667
524 668
524 669
524 727
524 728
525 728
525 729
526 728
526 729
527 713
527 714
527 715
528 347
528 617
528 618
528 619
528 620
528 621
528 728
528 729
529 729
529 730
529 731
530 731
531 731
531 732
531 733
531 734
531 735
531 736
531 737
531 738
531 739
531 740
531 741
531 742
531 743
531 744
531 745
531 746
532 746
532 747
532 748
533 747
533 748
533 749
533 750
533 751
533 752
533 753
534 753
535 753
536 752
537 751
537 752
538 752
538 753
539 753
539 754
539 755
540 672
540 673
540 674
540 675
540 676
541 754
541 755
542 755
542 756
543 586
543 587
543 588
543 589
543 590
543 756
543 757
544 757
545 757
545 758
546 758
546 759
547 758
547 759
547 760
548 759
548 760
548 761
548 762
549 446
549 447
550 695
550 696
551 758
552 758
553 687
553 688
553 689
554 756
554 757
554 758
554 759
554 760
554 761
555 627
555 628
555 629
556 760
557 716
557 717
557 718
557 719
557 720
557 721
557 722
558 759
559 759
560 758
561 440
561 441
561 442
562 757
562 758
563 757
563 758
564 757
565 757
566 757
566 758
566 759
567 758
568 758
568 759
568 760
569 506
569 507
569 760
570 760
570 761
570 762
570 763
570 764
571 763
571 764
571 765
571 766
572 518
572 519
572 766
572 767
572 768
572 769
572 770
573 439
573 440
573 441
573 442
573 443
573 444
574 768
575 768
576 768
577 767
578 766
579 765
579 766
580 765
580 766
581 764
581 765
582 624
583 764
584 761
585 761
585 762
586 762
587 762
588 762
588 763
588 764
589 764
590 764
590 765
590 766
590 1375
591 766
591 767
591 768
591 769
591 770
592 770
592 771
592 772
592 773
592 774
593 389
594 770
595 770
596 768
597 767
598 767
598 768
598 769
598 770
598 771
598 772
598 773
599 767
600 764
600 765
600 766
600 767
601 766
602 766
602 767
602 768
603 768
603 769
604 769
605 655
605 656
606 767
606 768
607 768
607 769
607 770
608 770
608 771
608 772
608 773
608 774
609 774
609 775
610 775
610 776
611 776
612 776
613 774
613 775
613 776
613 777
614 776
614 777
614 778
614 779
614 780
614 781
614 782
615 782
616 782
616 783
616 784
617 784
618 784
619 783
620 783
621 331
621 332
621 333
622 782
622 783
622 784
622 785
623 785
624 784
624 785
625 785
625 786
625 787
625 788
626 781
627 786
627 787
627 788
628 788
629 350
629 351
629 352
629 353
629 354
629 355
630 787
630 788
630 789
631 694
632 787
632 788
633 786
633 787
633 788
633 789
633 790
633 791
633 792
633 793
633 794
633 795
633 796
634 795
634 796
634 797
634 798
634 799
635 799
635 800
635 801
636 801
637 801
637 802
637 803
637 804
637 805
637 806
638 806
638 807
638 808
638 809
638 810
638 811
639 639
639 640
639 811
639 812
640 704
640 705
640 706
640 707
640 708
640 709
640 710
641 753
642 809
643 808
644 613
644 614
644 615
645 641
646 802
647 678
647 679
647 680
648 593
648 594
649 798
650 307
650 308
651 797
652 590
652 591
653 796
654 796
655 795
656 469
656 470
657 793
658 792
658 793
658 794
659 794
659 795
660 795
660 796
661 796
661 797
662 585
662 586
662 587
663 795
663 796
663 797
663 798
664 796
665 646
666 793
666 794
667 794
667 795
667 796
667 797
668 796
668 797
668 798
669 798
670 798
670 799
671 580
671 581
671 582
671 799
671 800
672 425
672 426
672 427
673 797
673 798
673 799
673 800
673 801
673 802
674 802
674 803
675 803
676 802
676 803
677 803
678 803
678 804
678 805
678 806
678 807
678 808
678 809
678 810
679 810
680 810
680 811
680 812
680 813
680 814
681 813
682 812
683 812
684 812
685 812
686 811
686 812
687 303
687 304
687 305
687 306
688 811
689 810
689 811
690 469
690 470
690 471
690 472
690 473
690 474
690 810
691 765
691 766
691 767
692 809
693 809
694 809
694 810
695 809
695 810
696 810
697 809
698 1534
699 807
699 808
700 807
701 592
702 805
702 806
702 807
702 808
703 808
703 809
703 810
704 810
705 1525
706 798
706 799
707 717
708 807
708 808
708 809
709 809
709 810
709 811
709 812
710 233
710 234
710 235
710 236
710 237
710 238
711 809
712 439
713 525
713 526
713 527
714 803
714 804
715 590
715 804
716 664
716 665
716 804
716 805
717 805
718 805
718 806
719 806
720 806
721 806
722 806
722 807
722 808
723 808
723 809
724 809
725 487
725 488
726 807
726 808
727 1776
728 296
728 297
728 298
729 703
729 704
729 705
729 706
730 803
730 804
731 804
731 805
732 805
732 806
733 806
734 571
734 572
734 573
734 574
734 575
734 576
734 577
735 339
736 804
736 805
737 805
738 579
739 355
739 356
739 530
740 682
740 683
741 800
742 800
743 675
744 798
744 799
744 800
744 801
744 802
744 803
744 804
744 805
745 805
746 804
746 805
746 806
746 807
747 807
747 808
748 808
748 809
748 810
748 811
749 811
749 812
750 812
750 813
751 395
751 396
751 397
752 811
752 812
753 812
753 813
754 813
754 814
754 815
754 816
754 817
754 818
755 818
755 819
756 819
757 819
758 819
759 819
759 820
759 821
760 821
760 822
760 823
761 823
762 822
763 820
763 821
763 822
763 823
763 824
764 824
765 824
765 825
766 824
767 823
768 823
768 824
769 824
769 825
770 230
770 231
770 232
770 825
770 826
770 827
771 827
771 828
771 829
772 448
772 449
772 450
772 829
773 699
773 700
773 829
773 830
773 831
773 832
773 833
774 833
774 834
775 834
775 835
775 836
776 836
777 584
777 585
777 586
778 834
778 835
778 836
779 683
779 684
779 685
779 686
780 272
781 832
782 760
782 761
782 762
783 831
783 832
784 650
784 651
785 831
785 832
786 832
786 833
786 834
786 835
787 743
788 834
789 833
789 834
789 835
789 836
789 837
790 837
791 837
791 838
792 838
792 839
792 840
792 841
792 842
793 268
794 497
794 498
794 499
794 500
794 501
794 502
794 503
795 701
795 702
795 703
796 838
796 839
796 840
797 834
797 835
797 836
797 840
797 841
797 842
797 843
798 95
798 96
798 97
799 406
799 407
799 408
799 474
799 475
799 476
799 841
800 551
800 552
800 553
800 554
801 840
801 841
801 842
801 843
801 844
801 845
801 846
802 541
803 845
803 846
804 846
804 847
804 848
805 546
805 547
805 548
805 549
806 847
807 847
807 848
808 848
808 849
809 605
809 849
810 849
810 850
811 795
812 845
813 844
814 844
814 845
814 846
815 72
815 73
815 74
816 845
816 846
817 798
817 799
817 800
817 801
817 802
818 540
818 541
818 844
818 845
819 843
820 206
820 207
820 208
820 209
820 843
820 844
821 125
821 126
821 127
821 844
821 845
821 846
821 847
821 848
821 849
822 697
823 847
824 379
824 380
824 381
825 844
826 844
827 843
827 844
828 844
828 845
828 846
828 847
829 187
829 188
829 189
829 190
829 191
830 820
830 846
830 847
831 845
831 846
831 847
832 847
833 847
833 848
834 848
834 849
835 72
835 73
835 74
835 75
835 76
835 77
836 64
836 847
836 848
836 849
836 850
836 851
837 110
837 851
837 852
837 853
837 854
837 855
838 321
838 322
839 655
839 656
839 657
840 851
841 851
841 852
841 853
842 839
842 853
843 853
844 190
844 191
844 192
845 829
845 830
846 848
846 849
847 849
847 850
848 160
848 161
848 162
848 163
848 164
849 849
850 849
850 850
851 370
851 371
851 372
851 373
852 847
853 846
854 846
854 847
855 847
856 847
857 847
857 848
858 848
859 584
859 585
859 718
859 848
859 849
860 71
860 72
860 73
861 847
862 846
862 847
862 1319
863 592
863 593
864 846
864 1200
865 824
865 825
865 846
866 566
866 567
866 568
866 569
867 577
868 842
868 843
868 844
869 844
870 844
871 60
871 61
871 62
871 63
872 842
873 842
873 843
874 328
874 329
874 330
875 842
876 114
876 115
877 841
877 842
877 843
878 843
878 844
879 699
880 13
880 14
880 15
880 16
880 17
880 18
880 843
881 843
882 842
882 843
883 492
884 719
884 720
885 839
885 840
885 841
886 840
886 841
886 842
887 840
887 841
888 738
888 839
889 34
889 35
889 36
889 37
890 279
890 280
890 281
891 826
891 827
892 825
892 826
893 122
893 123
894 822
894 823
895 408
896 830
897 829
898 349
899 826
899 827
899 828
900 827
900 828
901 827
902 279
902 280
902 827
902 828
902 829
903 829
904 829
904 830
905 25
906 134
906 828
906 829
906 830
906 831
906 832
906 833
907 317
908 321
908 322
908 323
909 332
909 546
910 828
911 66
912 825
913 215
913 216
913 217
913 218
913 219
913 220
913 221
914 823
914 824
914 825
915 24
915 25
916 824
916 825
916 826
917 826
918 415
918 822
918 823
918 824
919 50
919 51
920 824
920 825
921 599
921 600
921 601
922 822
923 822
924 822
924 823
924 824
925 383
925 384
925 385
926 105
926 106
926 799
926 821
926 822
926 823
927 823
927 824
927 825
927 2045
927 2046
927 2047
927 2048
928 520
928 521
928 2029
928 2030
928 2031
928 2032
928 2033
928 2034
929 717
929 718
929 719
929 823
929 824
929 825
929 826
929 827
930 749
930 750
931 825
931 826
931 2011
932 537
932 538
933 824
934 139
935 214
935 215
935 216
936 600
936 601
936 602
936 822
936 823
937 820
938 817
939 782
939 816
939 817
940 815
940 816
941 815
942 815
943 610
943 611
943 612
943 613
943 614
944 813
945 812
946 67
946 68
946 812
946 813
946 814
946 815
947 815
947 816
948 815
949 766
950 713
950 814
951 814
952 813
953 813
953 814
954 814
955 759
956 813
957 275
958 812
959 812
