0 1
1 1
2 1
3 1
3 83
5 0
5 1
5 2
5 3
5 4
5 5
6 3
7 4
7 77
9 3
10 3
11 3
12 3
13 3
14 3
15 3
16 3
17 3
18 3
19 3
19 4
19 72
21 3
21 83
23 2
23 64
24 60
26 0
26 82
27 62
27 63
27 64
27 65
27 81
28 80
28 83
29 72
30 0
30 65
32 59
33 65
34 82
35 55
35 56
35 57
36 81
37 58
38 80
39 57
40 47
41 67
41 70
42 77
43 77
44 47
44 48
45 71
46 75
47 43
47 75
48 75
49 75
50 75
51 75
52 57
52 63
53 74
54 74
55 67
55 74
55 75
56 39
57 59
58 73
59 42
60 39
61 54
62 54
63 40
64 68
65 62
66 22
67 66
68 40
68 49
69 36
70 31
70 38
70 44
71 55
72 40
73 52
74 21
74 34
75 49
76 47
76 58
77 14
77 16
78 47
79 16
80 10
80 14
80 15
80 28
80 55
81 23
82 38
83 46
84 43
85 42
86 50
87 21
88 49
88 50
89 28
90 26
91 17
91 48
92 35
93 23
94 46
95 0
96 5
96 12
97 40
98 34
99 27
100 21
101 25
101 78
102 82
103 69
104 71
106 15
107 34
107 62
109 33
110 31
110 59
111 57
113 3
114 11
115 6
116 27
116 72
118 50
119 53
120 59
121 73
122 70
123 59
124 58
125 55
126 66
126 77
127 60
128 72
129 83
130 75
131 39
133 1
133 59
135 2
135 37
136 47
136 50
137 43
138 70
139 82
141 3
141 73
142 32
143 65
144 63
145 72
146 76
147 58
147 82
148 60
149 45
150 30
151 50
152 49
153 75
154 51
155 74
156 65
157 69
158 41
159 41
160 40
161 12
161 17
161 31
161 34
161 45
161 52
161 53
161 54
161 58
162 46
163 45
164 29
165 58
166 13
167 41
168 53
169 3
170 9
171 29
172 22
173 83
174 82
176 46
177 46
177 79
178 77
180 30
181 32
182 17
182 35
183 30
184 9
184 68
186 23
187 43
187 76
189 33
189 70
189 71
191 1
192 8
192 64
194 27
195 14
195 36
195 68
195 80
195 81
196 36
197 11
197 73
199 9
200 33
201 33
201 53
202 54
203 63
204 48
206 16
206 60
208 0
208 48
209 54
210 74
211 74
212 72
213 71
214 49
215 57
216 78
217 77
218 67
220 6
220 60
221 35
222 61
223 59
224 10
224 36
225 27
226 66
227 28
227 49
227 56
228 55
229 55
230 26
231 34
232 31
232 44
232 45
232 67
232 83
234 0
234 31
235 57
236 70
237 80
238 56
239 68
240 71
241 15
241 28
242 58
243 13
244 22
244 25
244 37
244 38
245 38
246 17
247 38
248 45
249 28
250 19
251 29
252 4
253 31
254 2
255 46
256 0
256 81
257 83
259 48
259 79
261 17
262 14
263 14
263 21
264 45
265 42
266 35
266 83
268 8
268 33
268 69
270 23
271 7
271 69
272 78
274 10
274 68
275 78
277 7
278 28
279 5
280 39
281 0
281 2
281 59
282 29
282 82
283 80
285 15
285 72
285 77
286 82
288 5
288 53
288 56
288 59
289 20
289 27
289 51
290 83
291 49
292 60
293 80
294 42
296 24
296 71
298 23
299 19
299 38
300 55
301 62
302 14
302 58
303 52
304 46
304 56
304 59
305 71
306 82
307 43
308 32
309 33
310 27
311 36
312 64
313 34
313 47
314 50
315 53
317 0
317 56
318 22
319 21
319 63
321 1
321 52
323 0
323 72
324 38
325 70
326 41
327 68
328 54
329 31
329 34
329 48
330 17
331 16
332 68
332 76
333 27
333 66
334 17
335 42
336 59
337 31
338 12
339 45
340 22
340 62
341 35
342 60
343 9
343 17
343 25
344 34
345 15
345 18
345 64
345 78
347 13
347 76
349 15
349 75
351 59
352 55
353 15
354 15
354 67
355 10
356 29
357 5
357 34
358 31
358 32
359 16
359 65
361 40
361 59
362 67
364 19
364 67
365 35
365 79
366 28
366 65
367 59
367 63
367 77
367 80
368 6
368 13
368 14
368 15
368 19
369 7
369 62
371 13
372 22
372 49
372 72
373 18
373 64
375 18
375 45
376 77
378 1
378 56
379 52
380 73
381 48
382 52
383 77
384 77
385 14
385 59
385 68
386 45
387 35
389 2
389 72
390 63
392 1
392 68
393 38
394 37
395 36
396 35
397 34
398 33
399 32
400 31
401 27
401 29
401 30
401 43
401 65
401 70
401 83
402 33
403 17
404 23
405 29
406 21
407 54
408 34
409 42
410 18
411 10
411 38
412 52
413 15
414 28
414 29
414 32
415 34
416 15
417 27
417 52
418 13
418 59
419 8
419 9
420 14
421 12
422 15
422 28
423 16
424 33
425 19
426 69
427 31
428 16
429 8
430 23
431 57
432 7
433 46
434 53
435 22
435 83
437 20
437 71
439 5
439 19
439 65
441 10
441 83
442 64
443 81
444 26
444 71
445 70
447 31
448 48
449 35
449 57
450 69
452 38
452 54
453 54
453 75
454 56
455 81
456 64
457 58
458 53
460 25
460 59
460 62
462 2
462 67
463 46
463 47
463 51
463 65
463 79
464 1
464 3
465 25
465 45
466 1
466 53
467 70
468 42
469 15
469 46
470 78
471 40
472 57
474 16
475 3
476 21
476 45
476 52
477 51
477 68
478 80
479 61
480 48
481 56
482 59
483 61
484 26
484 47
484 48
484 65
485 20
487 3
487 41
487 44
488 49
489 58
491 3
491 24
493 5
493 22
493 35
494 21
495 33
496 20
497 11
498 38
499 58
500 57
501 31
502 73
503 14
504 11
504 64
505 12
506 30
507 8
508 9
509 6
509 19
510 51
511 25
511 81
513 22
514 34
514 79
515 3
515 13
515 16
515 17
515 64
516 40
517 14
517 74
519 9
519 73
521 38
521 81
522 61
523 17
523 82
524 10
524 68
525 67
527 26
528 35
529 15
529 63
531 12
531 61
533 15
534 28
534 58
535 73
535 77
537 9
537 68
537 81
539 18
539 74
540 61
542 2
542 53
542 54
542 55
544 8
545 13
546 23
546 46
547 54
548 72
549 44
549 50
550 63
552 9
553 25
553 75
554 49
554 55
554 56
554 57
555 26
555 70
556 60
556 68
557 64
558 49
559 69
560 60
561 63
562 78
563 29
564 47
565 16
565 47
565 81
566 28
566 33
567 53
568 59
569 30
570 44
571 48
572 55
573 55
574 25
574 38
574 65
575 24
576 17
576 36
576 39
576 40
576 50
576 57
577 59
578 29
579 26
579 39
580 18
580 19
580 32
580 59
580 72
581 8
581 31
581 33
581 38
581 72
582 59
582 60
583 38
584 28
585 5
586 30
587 64
587 75
588 25
590 9
591 10
592 21
593 27
594 19
594 82
596 24
597 5
597 75
598 75
600 45
601 54
602 41
603 4
603 75
603 80
604 8
604 72
606 14
607 48
607 82
609 46
609 67
610 66
612 2
612 74
614 2
615 12
615 57
616 67
616 80
617 35
618 8
618 71
618 78
620 21
621 22
621 65
622 82
624 32
625 30
625 51
626 71
628 3
629 2
630 1
631 35
632 8
633 64
634 51
635 80
636 47
636 60
637 68
638 77
639 47
640 65
641 39
641 42
641 77
642 83
644 14
645 0
645 23
645 60
646 37
647 31
647 52
647 53
647 70
648 65
649 42
650 75
652 3
652 69
653 9
653 51
654 71
656 7
656 60
657 68
658 46
659 37
660 16
661 22
662 21
663 34
664 19
664 32
664 54
665 65
666 10
667 10
667 12
667 13
668 15
669 31
670 41
670 70
671 20
672 24
672 58
673 30
674 38
675 8
676 43
677 27
677 83
679 34
679 81
680 79
682 14
683 2
684 14
684 80
686 35
687 66
688 42
690 50
690 71
690 76
690 77
691 5
691 32
691 45
692 23
693 37
694 10
695 20
696 0
696 21
696 22
696 23
697 27
698 27
699 43
699 81
700 67
702 24
702 58
703 73
705 8
705 30
705 55
706 64
707 73
707 82
708 53
708 79
709 0
710 3
711 2
711 24
711 73
713 12
713 76
715 3
716 1
716 3
716 76
718 1
718 62
718 83
719 61
720 50
720 62
722 5
722 35
723 78
724 43
724 56
725 42
726 41
727 61
728 45
730 52
731 38
731 40
732 44
733 68
733 70
734 49
734 50
736 11
736 68
737 25
737 29
737 43
737 46
737 47
737 57
737 64
737 66
737 70
738 21
738 39
739 30
740 18
741 29
742 57
743 52
744 31
745 39
746 43
747 15
748 18
748 32
748 33
748 80
749 17
749 21
749 31
749 32
749 54
749 70
749 79
750 17
750 70
751 16
751 29
752 35
753 34
754 18
755 25
756 70
757 2
758 2
759 42
761 48
761 49
762 42
763 25
764 36
765 12
765 50
766 18
767 44
768 17
768 76
770 15
770 75
770 76
770 78
770 79
772 10
772 14
773 40
773 72
774 10
775 24
776 11
776 68
777 66
779 2
780 7
780 79
782 44
782 69
783 58
784 82
785 69
786 55
788 38
789 15
790 9
790 54
791 53
793 18
793 58
794 78
795 60
796 63
797 74
798 7
798 23
798 59
798 66
798 72
800 53
801 53
802 49
803 54
804 52
805 67
806 79
807 44
808 56
809 45
810 57
810 58
810 75
811 69
812 39
813 63
814 79
815 56
816 28
817 65
818 24
819 24
819 41
821 16
821 20
821 45
822 25
823 57
825 13
825 57
825 81
826 54
827 53
828 54
829 15
830 35
830 57
830 73
830 82
831 13
832 48
833 39
834 33
834 34
835 9
836 47
837 35
838 80
839 60
840 70
841 1
842 0
843 23
844 14
845 6
846 42
847 0
847 2
848 0
848 80
849 79
851 42
852 13
853 12
853 59
854 11
854 81
856 8
857 14
858 0
859 45
860 17
860 82
862 11
863 31
863 75
864 28
865 7
865 61
867 2
868 4
869 15
869 64
870 54
870 55
872 23
872 57
872 62
872 75
872 76
873 18
873 39
873 40
873 49
874 6
875 7
875 63
876 53
876 59
877 78
879 4
880 18
880 64
881 67
882 46
883 52
884 40
886 18
886 72
887 78
888 61
888 68
889 46
890 66
890 77
891 66
892 12
893 1
893 55
893 72
894 33
895 38
896 68
898 12
898 52
899 49
900 56
901 64
902 39
903 23
904 57
905 36
906 51
907 57
908 57
909 29
910 33
911 17
912 39
912 40
912 57
913 54
914 43
915 34
915 41
916 32
916 45
916 55
917 60
917 61
918 46
919 38
920 48
921 7
922 40
923 71
924 2
925 13
926 37
927 40
928 20
928 29
928 60
929 9
930 1
931 42
932 35
933 69
934 32
935 0
935 13
935 40
936 7
936 83
938 23
939 17
940 25
941 2
941 82
943 22
944 33
945 28
946 19
946 41
946 66
947 65
948 60
950 5
951 39
952 13
953 49
954 3
955 12
955 57
956 63
956 76
957 53
959 13
960 45
960 73
962 43
962 47
964 41
964 76
967 39
967 43
969 15
970 35
971 11
971 77
972 43
972 56
972 83
973 33
974 5
974 38
975 53
976 49
977 37
977 42
977 55
978 33
979 60
980 29
981 40
982 58
983 28
984 64
985 43
986 66
987 22
988 60
989 44
990 61
991 41
992 40
993 20
993 21
993 25
993 26
993 38
993 39
993 66
993 79
994 2
994 22
994 25
994 38
994 78
995 38
996 66
997 15
998 42
999 26
1000 22
