0 1
1 1
2 1
3 1
4 1
5 1
6 1
7 1
8 1
9 1
11 0
12 0
13 0
14 0
15 0
16 0
17 0
18 0
19 0
20 0
20 364
30 353
31 374
32 374
33 374
34 374
35 374
36 374
37 374
38 374
39 374
40 374
41 374
42 374
43 374
44 370
45 373
46 373
47 373
48 373
49 361
50 344
51 371
52 371
53 371
54 371
55 371
56 371
57 371
58 371
59 320
60 370
61 370
62 370
63 370
64 370
65 315
66 369
67 312
68 368
69 368
70 368
71 368
72 363
73 367
74 361
75 366
76 304
77 365
78 365
79 310
80 364
81 364
82 364
83 364
84 364
85 333
86 363
87 358
88 362
89 362
90 362
91 315
92 361
93 286
94 360
95 355
96 359
97 359
98 359
99 359
100 359
101 300
102 286
103 329
104 356
105 356
106 356
107 356
108 355
109 292
110 318
111 353
112 268
113 352
114 321
115 320
116 350
117 350
118 350
119 350
120 350
121 350
122 350
123 350
124 349
125 349
126 344
127 338
128 347
129 347
130 347
131 345
132 346
133 346
134 346
135 346
136 308
137 345
138 310
139 344
140 344
141 325
142 343
143 343
144 343
145 256
146 267
147 340
148 289
149 339
150 285
151 338
152 338
153 338
154 319
155 337
156 231
157 336
158 259
159 286
160 334
161 274
162 333
163 219
164 219
165 331
166 331
167 331
168 331
169 331
170 284
171 330
172 330
173 330
174 245
175 329
176 262
177 328
178 328
179 256
180 270
181 292
182 325
183 324
184 324
185 324
186 324
187 307
188 323
189 284
190 238
191 321
192 321
193 321
194 321
195 321
196 321
197 321
198 296
199 298
200 239
201 318
202 318
203 247
204 317
205 317
206 244
207 313
208 315
209 315
210 232
211 314
212 314
213 314
214 314
215 223
216 313
217 225
218 226
219 311
220 311
221 311
222 213
223 310
224 310
225 310
226 281
227 309
228 178
229 206
230 275
231 197
232 187
233 304
234 236
235 278
236 209
237 301
238 143
239 141
240 299
241 209
242 252
243 297
244 227
245 249
246 261
247 133
248 284
249 292
250 292
251 184
252 291
253 290
254 274
255 180
256 167
257 137
258 177
259 169
260 284
261 187
262 283
263 283
264 115
265 282
266 282
267 131
268 197
269 136
270 279
271 279
272 279
273 122
274 278
275 144
276 190
277 276
278 187
279 275
280 275
281 275
282 165
283 274
284 216
285 273
286 119
287 272
288 272
289 146
290 154
291 157
292 238
293 139
294 267
295 267
296 267
297 267
298 267
299 237
300 227
301 211
302 176
303 263
304 263
305 263
306 184
307 198
308 71
309 260
310 77
311 183
312 258
313 181
314 73
315 70
316 180
317 254
318 155
319 145
320 174
321 251
322 251
323 125
324 57
325 210
326 54
327 146
328 207
329 90
330 54
331 79
332 242
333 92
334 120
335 240
336 240
337 240
338 240
339 240
340 240
341 39
342 52
343 92
344 237
345 211
346 236
347 101
348 132
349 160
350 186
351 122
352 37
353 230
354 229
355 228
356 228
357 226
358 122
359 146
360 193
361 224
362 103
363 220
364 109
365 15
366 91
367 216
368 69
369 136
370 128
371 127
372 214
373 214
374 14
375 69
376 165
377 117
378 90
379 209
380 25
381 170
382 207
383 107
384 96
385 125
386 204
387 204
388 204
388 369
389 368
391 202
391 366
393 57
394 195
395 94
396 2
397 31
398 55
399 54
400 28
401 112
401 363
403 62
404 190
405 190
406 190
407 151
408 130
409 188
410 29
411 34
412 105
412 369
413 368
415 183
416 101
417 182
418 182
419 16
420 162
420 348
422 179
422 333
424 178
424 370
426 177
427 177
428 177
429 177
430 177
431 17
431 324
432 328
434 174
435 173
436 172
437 171
438 171
439 170
440 169
441 168
442 167
443 166
444 165
445 165
446 136
447 31
448 163
449 163
450 163
450 304
452 78
453 105
453 323
455 159
456 158
457 158
458 118
459 116
459 296
460 295
462 154
463 72
464 153
464 359
466 103
467 151
468 151
468 339
470 72
470 315
472 8
472 278
474 146
475 146
475 301
476 346
478 144
479 144
479 279
480 289
481 288
483 141
484 141
485 53
486 140
487 140
487 332
489 139
490 139
490 320
491 271
492 361
493 288
494 318
496 368
498 132
499 132
500 132
501 132
501 373
502 344
503 310
504 306
505 250
507 28
508 75
508 247
509 283
511 24
512 122
512 243
514 61
515 120
516 120
516 307
517 305
518 292
520 117
520 235
521 349
522 241
523 247
525 113
526 113
526 299
527 321
528 228
529 281
530 329
531 317
533 107
533 237
534 371
535 290
537 61
538 103
538 265
540 88
540 306
541 240
542 306
543 352
544 232
545 269
547 95
547 324
548 206
550 93
550 273
551 297
552 218
554 3
554 199
556 88
556 319
558 87
559 87
559 198
561 86
561 357
563 85
563 231
564 362
566 60
567 82
567 252
568 213
569 308
570 253
571 198
573 77
574 77
574 181
575 201
577 12
577 272
578 314
579 190
580 189
581 251
582 173
583 333
585 67
585 172
587 66
588 66
589 66
589 181
590 223
591 360
592 178
593 324
595 61
596 61
596 321
598 16
599 15
600 14
600 229
601 331
602 308
604 54
604 185
606 53
607 53
607 246
608 202
610 51
611 51
611 333
612 161
614 49
614 370
616 48
617 48
618 48
618 289
619 213
620 242
621 227
622 200
623 202
624 268
625 168
626 143
627 171
628 197
630 37
630 292
632 36
632 141
633 135
634 273
635 240
637 32
638 32
638 242
639 317
640 344
641 343
643 28
644 28
644 166
646 27
646 123
647 201
649 25
650 25
651 25
651 224
652 106
654 23
654 165
655 305
657 21
657 344
658 355
659 148
661 18
661 187
662 108
663 251
664 182
665 138
667 13
667 103
668 125
669 154
670 263
671 126
673 8
673 152
675 7
676 7
676 100
678 6
678 147
680 5
680 336
681 252
683 3
683 129
684 86
685 197
687 0
687 94
688 343
689 134
690 102
691 157
692 371
693 130
694 174
695 369
696 369
697 151
698 212
699 367
700 367
701 367
702 123
703 119
704 362
705 143
706 186
707 69
708 151
709 80
710 359
711 69
712 358
713 106
714 109
715 77
716 132
717 354
718 151
719 136
720 352
721 98
722 107
723 88
724 45
725 348
726 114
727 30
728 91
729 49
730 69
731 343
732 252
733 342
734 342
735 29
736 32
737 340
738 25
739 237
740 193
741 175
742 184
743 119
744 317
745 77
746 313
747 65
748 15
749 329
750 75
751 97
752 327
753 327
754 327
755 125
756 149
757 32
758 324
759 53
760 323
761 64
762 284
763 321
764 30
765 88
766 33
767 58
768 1
769 316
770 316
771 91
772 68
773 143
774 88
775 5
776 311
777 305
778 91
779 122
780 308
781 308
782 71
782 355
784 15
785 9
785 345
787 303
788 61
788 350
790 20
790 370
792 40
793 298
793 342
795 297
796 52
797 296
798 296
799 49
800 295
801 295
802 295
803 84
804 294
804 347
806 135
806 372
808 15
808 324
809 336
811 156
812 125
812 318
814 143
815 284
816 170
817 54
818 51
819 52
820 156
821 279
821 373
822 337
824 177
825 276
826 167
827 275
828 275
829 275
829 310
831 40
831 306
833 140
833 340
835 270
836 270
836 364
838 269
838 347
840 108
841 208
842 173
842 322
843 342
844 341
846 213
847 261
847 353
848 340
850 23
850 324
852 10
853 68
853 316
854 374
856 226
857 252
857 307
859 251
860 61
861 250
862 249
863 249
864 247
865 248
866 248
867 248
868 248
869 248
870 248
871 248
872 248
873 248
874 171
875 39
876 1
877 11
878 244
879 244
879 264
881 35
882 6
883 113
883 254
