0 0
0 1
1 90
2 90
3 43
4 114
4 120
4 121
4 166
5 121
6 121
7 25
8 87
8 101
8 102
8 103
8 111
8 114
8 115
8 116
8 117
8 118
8 119
8 120
8 121
8 126
8 128
8 129
8 130
8 131
8 132
8 133
9 27
10 1
10 2
10 3
10 4
10 5
10 20
10 21
10 22
10 23
10 25
10 26
10 30
10 114
10 115
10 121
10 129
10 130
11 121
12 90
12 95
12 128
13 28
14 96
14 130
14 149
14 150
14 152
14 170
15 2
15 20
15 21
15 110
15 111
15 114
15 115
15 116
15 117
15 118
15 119
15 120
15 121
15 125
15 126
15 127
15 128
15 130
15 131
15 132
15 147
16 120
17 36
17 52
18 115
18 116
18 117
18 124
18 125
18 126
19 36
20 27
21 111
21 114
21 115
21 116
21 117
21 118
21 119
21 125
21 126
21 127
22 0
22 1
22 2
22 3
22 4
22 5
22 20
22 21
22 22
22 23
22 24
22 35
22 36
22 37
22 38
22 39
22 40
22 41
22 42
22 43
22 44
22 46
22 47
22 48
22 49
22 50
22 51
22 52
22 53
22 70
22 71
22 72
22 73
22 74
22 75
22 78
22 79
22 90
22 95
22 99
22 100
22 101
22 102
22 103
22 104
22 110
22 111
22 114
22 115
22 116
22 117
22 118
22 119
22 120
22 124
22 125
22 126
22 127
22 128
22 129
22 130
22 132
22 133
22 134
22 137
22 138
22 139
22 140
22 141
22 142
22 143
22 164
23 1
23 2
23 3
23 4
23 5
23 20
23 21
23 22
23 23
23 24
23 101
23 102
23 103
23 104
23 118
23 119
23 120
23 121
23 126
23 127
23 128
23 129
23 130
23 132
23 133
23 134
23 135
23 137
23 138
23 145
24 1
24 2
24 3
24 4
24 20
24 21
24 22
24 23
24 60
24 61
24 72
24 73
24 95
24 96
24 99
24 100
24 101
24 102
24 103
24 104
24 110
24 111
24 125
24 126
24 127
24 128
24 129
24 130
24 131
24 132
24 133
24 139
24 141
24 142
24 143
25 17
25 32
26 25
27 111
27 114
27 115
27 116
27 117
27 125
27 126
28 2
28 3
28 4
28 20
28 21
28 23
28 38
28 73
28 114
28 115
29 84
29 87
29 120
29 121
29 143
29 169
30 2
30 3
30 4
30 5
30 20
30 21
30 22
30 23
30 67
30 72
30 75
30 90
30 99
30 100
30 101
30 102
30 103
30 104
30 114
30 115
30 116
30 117
30 118
30 119
30 120
30 121
30 127
30 128
30 130
30 131
30 132
30 142
31 114
31 118
31 148
31 155
32 148
32 155
33 143
33 148
33 155
34 148
34 155
35 19
36 2
36 3
36 4
36 20
36 21
36 22
36 23
36 114
36 115
36 116
36 117
36 118
36 125
36 126
36 127
36 128
37 15
37 16
38 38
39 17
40 43
40 115
40 116
40 125
40 126
41 166
42 17
42 28
42 36
42 129
43 114
43 115
43 116
43 117
43 118
43 119
43 120
43 121
43 125
43 126
43 127
43 128
44 25
45 117
46 115
47 114
47 120
47 121
47 129
48 0
48 1
48 2
48 3
48 4
48 5
48 20
48 21
48 22
48 23
48 24
48 27
48 29
48 30
48 31
48 32
48 33
48 34
48 37
48 38
48 70
48 71
48 72
48 73
48 74
48 75
48 93
48 94
48 99
48 100
48 101
48 102
48 103
48 104
48 110
48 111
48 113
48 114
48 115
48 116
48 117
48 118
48 119
48 120
48 121
48 125
48 126
48 127
48 128
48 129
48 130
48 131
48 132
48 133
48 134
48 135
48 136
48 137
48 138
48 142
48 143
48 145
48 153
49 35
50 125
50 126
51 50
52 121
52 172
53 160
54 2
54 27
55 120
55 121
55 128
55 129
55 130
55 131
55 132
55 133
56 1
56 2
56 3
56 4
56 5
56 17
56 20
56 21
56 22
56 23
56 30
56 100
56 101
56 103
56 104
56 111
56 114
56 117
56 118
56 127
56 128
56 137
56 144
56 145
56 153
57 0
57 1
57 2
57 3
57 4
57 20
57 21
57 22
57 23
57 24
57 25
57 26
57 29
57 30
57 37
57 70
57 71
57 72
57 73
57 114
57 117
57 137
58 2
58 3
58 4
58 20
58 21
58 22
58 23
58 24
58 114
58 115
58 116
58 117
58 118
58 121
58 125
58 126
58 127
58 128
58 129
58 130
58 131
58 147
59 49
60 3
60 4
60 20
60 21
60 22
60 23
60 24
60 71
60 72
60 73
60 99
60 125
60 126
60 134
60 139
60 142
61 36
62 53
62 168
63 143
64 0
64 121
64 132
64 133
65 36
65 44
65 130
65 131
65 132
65 133
66 75
67 2
67 3
67 20
67 21
67 22
67 23
67 72
67 78
67 110
67 114
67 115
67 116
67 117
67 118
67 119
67 120
67 121
67 124
67 125
67 126
67 127
67 128
67 129
67 130
67 131
67 132
67 133
68 27
69 120
70 27
70 120
71 12
71 96
71 116
71 118
71 121
72 60
72 164
73 21
73 25
73 27
74 18
74 35
74 36
74 37
74 38
74 39
74 40
74 41
74 43
74 44
74 46
74 47
74 48
74 49
74 50
74 51
74 52
74 53
74 56
74 57
74 58
74 70
74 71
74 139
74 140
74 141
75 16
76 114
77 46
77 47
77 48
78 35
79 44
80 125
81 91
81 92
81 93
81 96
81 97
81 98
82 90
82 91
82 92
82 93
82 94
82 95
82 96
82 97
82 98
82 120
83 129
83 130
84 15
84 16
84 17
84 19
84 84
84 115
84 116
84 117
84 118
84 119
84 120
84 121
84 126
84 127
84 129
84 130
84 131
84 132
84 133
84 160
84 161
84 162
84 165
85 15
85 114
85 115
85 116
85 117
85 118
85 119
85 120
85 121
85 125
85 126
85 128
86 0
86 2
86 111
86 114
86 115
86 120
86 121
86 125
86 128
86 129
86 130
86 131
86 132
86 133
87 140
88 91
88 92
88 93
88 95
88 97
88 98
88 142
89 95
89 111
89 114
89 115
89 116
89 117
89 119
89 121
89 125
89 126
89 127
89 128
89 129
89 142
90 15
90 90
90 91
90 92
90 93
90 95
90 96
90 97
90 98
90 124
91 103
91 104
92 102
92 103
92 104
93 3
93 4
93 20
93 21
93 22
93 23
93 61
93 95
93 99
93 100
93 101
93 102
93 103
93 104
93 110
93 114
93 125
93 127
93 128
93 134
93 142
94 0
94 1
94 2
94 3
94 4
94 6
94 20
94 21
94 22
94 23
94 24
94 25
94 26
94 29
94 30
94 37
94 58
94 59
94 60
94 61
94 69
94 70
94 71
94 72
94 73
94 74
94 75
94 78
94 90
94 99
94 114
94 115
94 116
94 117
94 118
94 119
94 121
94 125
94 126
94 127
94 128
94 129
94 130
94 131
94 132
94 133
94 137
94 142
94 143
95 114
96 15
96 16
97 21
97 125
98 114
99 23
99 48
99 129
99 132
99 133
100 2
100 3
100 21
100 22
100 23
100 29
100 30
100 32
100 75
100 90
100 91
100 92
100 93
100 94
100 95
100 96
100 97
100 98
100 111
100 114
100 115
100 116
100 117
100 118
100 119
100 120
100 121
100 125
100 126
100 127
100 128
100 130
100 134
100 135
100 137
101 90
101 121
101 131
101 132
101 133
102 111
102 114
102 115
102 116
102 117
102 118
102 119
102 120
102 121
102 125
102 126
102 128
102 129
102 130
102 131
102 132
102 133
103 103
103 104
103 121
104 0
104 1
104 2
104 20
104 21
104 22
104 70
104 75
104 100
104 101
104 102
104 103
104 104
104 110
104 111
104 114
104 115
104 116
104 117
104 118
104 119
104 120
104 121
104 125
104 126
104 127
104 128
104 129
104 130
104 139
104 140
104 142
104 143
104 145
104 153
105 27
106 102
106 103
106 104
107 35
108 101
108 103
108 104
108 119
108 120
108 121
108 130
109 121
110 2
110 3
110 20
110 21
110 22
110 23
110 38
110 114
110 115
110 116
110 117
110 118
110 119
110 120
110 125
110 126
110 127
110 128
110 129
110 130
110 133
110 141
111 74
111 116
111 117
111 118
111 119
111 120
111 126
111 127
111 128
112 115
112 116
112 117
112 119
112 120
112 125
112 126
113 18
113 39
114 20
114 21
114 45
114 77
114 101
114 102
114 103
114 104
114 116
114 117
114 118
114 119
114 120
114 121
115 0
115 1
115 2
115 3
115 4
115 20
115 21
115 22
115 23
115 25
115 58
115 60
115 61
115 77
115 78
115 79
115 89
115 110
115 117
115 118
115 119
115 126
115 127
115 128
115 142
115 143
116 20
116 50
116 78
116 79
116 99
116 100
116 101
116 102
116 103
116 104
116 114
116 115
116 116
116 117
116 118
116 119
116 120
116 121
116 125
116 126
116 127
116 128
116 129
116 130
116 131
116 132
116 133
116 143
117 27
117 121
118 86
118 121
119 27
120 51
121 27
122 90
122 91
122 95
122 96
122 103
123 114
123 121
124 25
124 104
124 121
124 128
124 129
124 130
125 18
126 20
126 50
126 99
126 100
126 101
126 102
126 104
126 110
126 111
126 114
126 115
126 116
126 117
126 118
126 119
126 120
126 121
126 127
126 129
126 130
126 131
126 132
126 171
127 13
128 27
129 121
130 27
130 150
131 27
132 22
132 145
133 62
133 171
134 157
135 13
135 27
136 12
136 90
136 96
136 97
136 112
136 120
136 140
136 141
137 35
138 38
139 101
139 102
139 103
139 104
140 115
141 1
141 2
141 3
141 4
141 5
141 20
141 21
141 22
141 23
141 24
141 90
141 113
141 114
141 115
141 116
141 117
141 118
141 121
141 129
141 130
141 158
142 91
142 95
142 96
142 97
142 98
142 140
142 141
143 38
144 114
144 115
144 116
144 117
144 118
144 119
144 120
144 127
144 130
144 132
145 95
145 96
146 102
146 103
146 104
146 118
147 36
147 114
147 117
148 17
148 120
148 121
148 168
149 20
149 57
149 81
149 88
149 94
149 121
149 133
150 50
150 81
151 31
151 40
151 45
151 119
151 144
152 87
152 121
153 120
153 121
154 114
154 120
154 121
155 129
156 0
156 1
156 2
156 3
156 4
156 5
156 20
156 21
156 22
156 23
156 26
156 30
156 37
156 71
156 72
156 73
156 110
156 114
156 119
156 134
156 137
156 142
156 143
157 27
158 121
158 148
159 2
159 102
159 103
159 114
159 115
159 116
159 117
159 118
159 119
159 120
159 125
159 126
159 127
159 128
159 129
159 130
159 132
159 133
160 3
160 4
160 5
160 6
160 7
160 20
160 21
160 22
160 23
160 52
160 91
160 92
160 95
160 96
160 97
160 98
160 113
160 124
160 134
161 16
162 36
163 0
163 20
163 37
163 78
163 101
163 103
163 104
163 118
163 119
163 120
163 128
164 14
165 141
166 37
166 121
166 125
167 35
167 132
167 133
168 120
169 0
169 1
169 2
169 3
169 4
169 20
169 21
169 22
169 23
169 24
169 25
169 26
169 29
169 36
169 37
169 39
169 46
169 47
169 51
169 52
169 59
169 60
169 61
169 70
169 71
169 72
169 73
169 77
169 78
169 79
169 80
169 90
169 110
169 114
169 115
169 116
169 117
169 118
169 119
169 120
169 124
169 125
169 126
169 127
169 128
169 134
169 142
169 143
170 121
171 3
171 4
171 5
171 20
171 21
171 22
171 23
171 59
171 67
171 72
171 73
171 74
171 75
171 110
171 114
171 116
171 117
171 118
171 119
171 120
171 121
171 126
171 127
171 128
171 129
171 130
171 131
172 1
172 2
172 3
172 4
172 20
172 21
172 22
172 39
172 71
172 72
172 73
172 77
172 78
172 114
172 115
172 116
172 117
172 118
172 119
172 120
172 125
172 126
172 127
172 128
173 2
173 3
173 20
173 21
173 22
173 23
173 114
173 115
173 116
173 117
173 118
173 119
173 120
173 121
173 126
173 127
173 128
173 129
173 130
173 131
173 132
173 133
174 114
175 38
176 103
177 125
178 77
178 78
179 121
180 25
180 32
181 0
181 1
181 2
181 3
181 4
181 5
181 6
181 7
181 20
181 21
181 22
181 23
181 24
181 25
181 26
181 29
181 30
181 32
181 35
181 36
181 37
181 38
181 39
181 40
181 69
181 70
181 71
181 72
181 73
181 74
181 75
181 76
181 78
181 79
181 90
181 100
181 101
181 102
181 103
181 104
181 110
181 111
181 114
181 115
181 116
181 117
181 118
181 119
181 120
181 121
181 125
181 126
181 127
181 128
181 130
181 132
181 135
181 137
181 139
181 140
181 142
181 143
182 36
183 2
183 3
183 20
183 21
183 22
183 110
183 111
183 114
183 115
183 116
183 117
183 118
183 119
183 120
183 125
183 126
183 127
183 128
183 130
184 85
185 114
186 17
187 0
187 1
187 2
187 3
187 4
187 5
187 6
187 7
187 20
187 21
187 22
187 23
187 32
187 33
187 70
187 71
187 72
187 134
187 135
187 137
187 138
188 118
188 120
188 132
188 133
189 38
189 153
190 104
190 114
190 115
190 121
191 93
191 97
192 14
193 120
194 114
194 117
194 118
194 119
194 120
194 121
194 125
194 126
194 127
194 128
194 129
194 130
194 131
194 132
194 133
195 90
195 95
195 96
195 102
195 103
195 104
196 25
196 114
196 119
196 120
196 125
197 0
197 1
197 2
197 3
197 4
197 5
197 6
197 7
197 20
197 21
197 22
197 23
197 26
197 29
197 30
197 32
197 70
197 110
197 111
197 114
197 115
197 116
197 117
197 118
197 119
197 120
197 125
197 126
197 127
197 128
197 134
197 135
197 137
197 138
197 143
198 120
198 121
199 110
199 114
199 120
199 121
200 121
201 120
201 121
201 129
202 114
202 115
202 116
202 117
202 125
202 126
203 118
203 120
204 38
205 14
206 99
206 100
206 101
206 102
206 103
206 104
206 114
206 120
206 127
206 128
206 129
206 130
206 132
206 133
207 0
207 1
207 2
207 3
207 4
207 12
207 20
207 21
207 22
207 23
207 24
207 25
207 29
207 70
207 71
207 72
207 110
207 114
207 115
207 116
207 119
207 124
207 125
207 129
207 151
207 158
208 0
208 1
208 2
208 3
208 4
208 5
208 20
208 21
208 22
208 23
208 24
208 25
208 70
208 71
208 72
208 110
208 111
208 114
208 120
208 121
208 124
208 125
208 151
209 36
209 38
209 47
209 48
209 70
209 71
209 139
209 140
209 141
210 45
210 52
210 115
210 117
210 120
210 125
210 126
211 1
211 3
211 4
211 5
211 12
211 20
211 21
211 22
211 23
211 24
211 26
211 30
211 71
211 72
211 73
211 74
211 115
211 116
211 117
211 118
211 120
211 126
211 134
211 135
211 136
211 137
211 142
211 147
211 153
212 118
212 120
213 21
213 125
214 25
214 171
215 36
215 102
215 103
216 37
217 22
217 51
217 61
218 20
218 114
218 117
219 25
220 1
220 2
220 3
220 4
220 5
220 20
220 21
220 22
220 23
220 24
220 35
220 36
220 37
220 38
220 39
220 40
220 41
220 42
220 43
220 44
220 46
220 47
220 48
220 49
220 50
220 51
220 52
220 71
220 72
220 73
220 74
220 75
220 114
220 115
220 116
220 117
220 125
220 134
220 137
220 138
220 139
220 140
220 141
220 142
220 144
220 145
221 125
222 27
223 48
224 35
225 53
226 94
227 36
228 42
229 1
229 2
229 20
229 21
229 22
229 23
229 35
229 36
229 37
229 38
229 39
229 46
229 47
229 48
229 49
229 51
229 57
229 70
229 71
229 72
229 73
229 78
229 110
229 114
229 115
229 125
229 137
229 139
229 140
229 141
229 142
229 143
230 38
231 20
231 110
231 111
231 114
231 115
231 116
231 120
231 121
231 125
231 126
231 127
231 129
231 130
231 133
232 29
232 37
232 77
232 78
232 79
232 111
232 115
232 116
232 117
232 118
232 119
232 120
232 121
232 125
232 126
232 127
232 128
232 129
232 130
232 131
232 132
232 133
232 147
232 153
233 0
233 1
233 2
233 12
233 20
233 21
233 22
233 23
233 26
233 29
233 30
233 32
233 52
233 70
233 71
233 72
233 73
233 80
233 90
233 95
233 99
233 100
233 101
233 110
233 111
233 114
233 115
233 116
233 117
233 118
233 119
233 120
233 121
233 124
233 125
233 126
233 127
233 128
233 129
233 130
233 131
233 132
233 133
233 142
233 143
234 2
234 3
234 111
234 114
234 115
234 116
234 117
234 118
234 119
234 120
234 121
234 124
234 125
234 126
234 127
234 128
234 129
234 130
234 133
235 118
235 119
235 120
236 1
236 2
236 20
236 21
236 22
236 23
236 24
236 26
236 90
236 104
236 114
236 115
236 119
236 120
236 121
236 133
236 145
237 17
237 112
237 172
238 117
239 1
239 2
239 3
239 4
239 5
239 20
239 21
239 22
239 23
239 24
239 25
239 32
239 61
239 71
239 72
239 73
239 74
239 75
239 90
239 99
239 100
239 102
239 103
239 104
239 114
239 117
239 121
239 128
239 129
240 95
240 100
241 85
241 95
241 153
242 99
243 15
243 27
244 28
244 114
244 115
244 116
244 117
244 118
244 119
244 120
244 125
244 126
244 128
244 129
244 143
245 100
245 101
245 102
245 103
245 104
245 114
245 115
245 117
245 118
245 119
245 120
245 121
245 130
245 132
245 133
246 91
246 95
246 96
246 97
246 111
246 114
246 115
246 116
246 117
246 118
246 119
246 120
246 121
246 125
246 126
246 127
246 128
246 129
246 130
246 131
246 132
246 133
246 147
247 114
247 115
248 1
248 21
248 22
248 110
248 115
248 117
248 120
248 121
248 128
248 133
249 90
249 103
249 104
250 18
251 99
251 100
251 101
251 102
251 103
251 104
252 0
252 1
252 2
252 3
252 20
252 21
252 22
252 23
252 24
252 36
252 37
252 60
252 61
252 70
252 71
252 72
252 75
252 78
252 80
252 90
252 110
252 111
252 114
252 115
252 116
252 117
252 118
252 119
252 120
252 124
252 125
252 126
252 127
252 128
252 129
252 130
252 131
252 139
252 142
252 143
253 0
253 1
253 2
253 3
253 4
253 5
253 20
253 22
253 25
253 71
253 95
253 99
253 101
253 104
253 114
253 119
253 120
253 129
253 130
253 143
254 16
255 1
255 2
255 3
255 4
255 20
255 21
255 22
255 23
255 24
255 75
255 78
255 79
256 102
256 103
256 111
256 114
256 115
256 116
256 117
256 118
256 119
256 126
256 127
256 147
256 153
257 14
257 52
257 90
257 91
257 92
257 93
257 95
257 96
257 97
257 98
257 148
258 47
259 90
259 91
259 92
259 93
259 94
259 95
259 96
259 97
259 98
259 124
259 125
259 127
259 129
260 38
261 4
261 5
261 84
261 85
261 90
261 95
261 96
261 97
261 98
261 124
261 135
262 100
262 101
262 102
262 103
262 104
262 114
262 116
262 117
262 118
262 119
262 120
262 121
262 127
262 128
262 129
262 130
263 114
263 120
263 121
263 128
264 0
264 1
264 2
264 3
264 4
264 5
264 12
264 20
264 21
264 22
264 23
264 24
264 25
264 26
264 29
264 30
264 32
264 33
264 36
264 37
264 70
264 71
264 72
264 73
264 75
264 76
264 78
264 79
264 114
264 118
264 127
264 128
264 134
264 135
264 136
264 137
264 138
264 142
264 143
265 100
265 101
265 102
265 103
265 104
265 120
265 121
265 130
265 132
266 2
266 3
266 4
266 20
266 21
266 22
266 99
266 114
267 38
268 36
268 37
268 38
268 71
268 72
268 73
268 103
268 104
269 23
269 36
269 71
270 137
271 38
272 120
273 38
273 114
273 118
273 120
273 121
273 129
273 130
273 131
273 132
273 133
274 38
275 101
275 128
276 90
276 115
276 119
276 120
277 119
278 0
278 1
278 2
278 3
278 4
278 5
278 6
278 7
278 20
278 21
278 22
278 23
278 24
278 25
278 26
278 27
278 29
278 30
278 31
278 32
278 33
278 34
278 36
278 37
278 38
278 39
278 40
278 41
278 42
278 43
278 44
278 48
278 49
278 58
278 59
278 60
278 61
278 67
278 70
278 71
278 72
278 73
278 74
278 75
278 76
278 77
278 78
278 79
278 80
278 81
278 83
278 90
278 91
278 95
278 96
278 97
278 99
278 100
278 101
278 102
278 103
278 109
278 110
278 111
278 113
278 114
278 115
278 116
278 117
278 118
278 119
278 120
278 121
278 125
278 126
278 127
278 128
278 129
278 130
278 131
278 132
278 133
278 134
278 135
278 136
278 137
278 138
278 139
278 142
278 143
278 145
278 147
278 153
278 164
278 171
278 172
279 0
279 1
279 2
279 3
279 21
279 22
279 23
279 32
279 71
279 121
280 61
280 115
280 116
280 117
280 125
280 126
281 90
281 103
281 120
281 121
281 128
282 120
282 129
283 111
283 114
283 115
283 116
283 117
283 118
283 119
283 120
283 121
283 125
283 126
283 130
283 147
283 153
284 58
284 61
285 38
286 121
287 2
287 20
287 114
287 121
287 129
288 1
288 2
288 3
288 4
288 20
288 21
288 22
288 40
288 110
288 114
288 121
288 143
289 56
289 61
289 90
289 115
289 118
290 115
290 130
290 131
290 132
291 61
292 3
292 22
292 114
292 115
292 116
292 117
292 118
292 125
293 0
293 1
293 2
293 3
293 20
293 21
293 22
293 23
293 29
293 69
293 70
293 71
293 72
293 90
293 110
293 111
293 114
293 115
293 116
293 117
293 118
293 121
293 124
293 126
293 127
293 129
293 130
293 131
294 20
295 41
296 60
296 110
296 114
296 115
296 116
296 119
297 114
298 114
299 113
299 114
299 115
299 116
299 117
300 114
300 115
300 116
300 117
300 118
300 119
300 120
300 125
300 126
301 0
301 1
301 2
301 3
301 4
301 12
301 20
301 21
301 22
301 23
301 24
301 25
301 26
301 29
301 30
301 32
301 36
301 37
301 38
301 39
301 40
301 48
301 51
301 52
301 60
301 61
301 67
301 69
301 70
301 71
301 72
301 73
301 78
301 79
301 80
301 90
301 110
301 113
301 114
301 115
301 116
301 117
301 118
301 119
301 120
301 124
301 125
301 126
301 127
301 128
301 130
301 134
301 142
301 143
301 158
302 114
302 117
302 125
303 149
304 95
304 97
305 119
305 124
306 0
306 1
306 2
306 3
306 4
306 5
306 7
306 20
306 21
306 22
306 23
306 24
306 25
306 26
306 29
306 30
306 37
306 39
306 48
306 58
306 59
306 60
306 61
306 70
306 71
306 72
306 73
306 74
306 75
306 78
306 79
306 90
306 110
306 114
306 115
306 116
306 117
306 118
306 119
306 124
306 125
306 126
306 127
306 128
306 134
306 135
306 136
306 137
306 138
306 139
306 141
306 142
306 143
307 117
307 118
308 15
308 16
308 99
308 100
308 101
308 115
308 118
308 126
309 2
309 3
309 4
309 5
309 23
309 24
309 25
309 26
309 27
309 30
309 33
309 34
309 90
309 91
309 95
309 96
309 115
309 121
309 147
310 23
311 4
312 35
313 4
313 5
313 20
313 22
313 40
313 67
313 72
313 73
313 74
313 75
313 99
313 100
313 101
313 102
313 103
313 104
313 114
313 115
313 116
313 117
313 118
313 119
313 120
313 121
313 125
313 126
313 127
313 128
313 129
313 130
313 131
313 132
313 133
313 138
313 142
313 143
314 18
315 96
316 102
316 120
317 114
317 115
318 131
319 17
320 2
321 2
321 3
321 4
321 5
321 20
321 21
321 22
321 23
321 25
321 26
321 27
321 30
321 59
321 60
321 61
321 67
321 90
321 91
321 96
321 99
321 100
321 101
321 102
321 103
321 104
321 114
321 115
321 116
321 117
321 118
321 119
321 120
321 121
321 125
321 126
321 127
321 128
321 129
321 130
321 131
321 132
321 133
321 134
321 137
321 138
321 147
321 153
322 27
322 29
322 32
322 33
322 78
322 84
323 104
323 121
323 130
323 131
323 132
324 120
324 121
324 129
325 4
325 90
325 91
325 95
325 96
325 97
325 101
325 102
325 103
325 104
325 118
325 119
325 120
325 121
325 127
325 129
325 130
325 131
325 132
325 133
325 135
325 138
326 110
326 111
326 114
326 115
326 116
326 117
326 118
326 119
326 120
326 125
326 126
326 127
326 128
326 129
327 110
327 111
327 114
327 115
327 116
327 117
327 118
327 120
327 121
327 125
327 126
327 127
327 128
327 129
327 130
327 131
327 132
327 133
328 114
328 119
328 120
328 121
328 125
328 128
328 129
328 130
328 131
328 132
328 133
329 100
329 116
329 117
329 118
329 120
329 121
329 129
329 130
329 131
329 132
329 133
330 2
330 3
330 4
330 20
330 103
330 114
330 115
330 117
330 118
330 119
330 121
330 132
330 133
331 121
332 91
333 121
333 132
333 133
334 52
335 38
336 4
336 20
336 21
336 22
336 117
336 118
336 119
336 120
336 127
336 128
336 129
336 130
337 118
337 119
337 120
337 121
337 129
337 130
337 131
337 132
337 133
337 160
338 14
338 92
338 116
338 117
338 141
339 114
339 120
339 121
339 132
339 133
340 5
341 120
341 121
341 129
341 130
341 131
341 133
342 127
343 121
344 51
345 0
345 50
345 118
345 127
345 129
346 111
347 0
347 1
347 2
347 3
347 4
347 5
347 20
347 21
347 22
347 23
347 24
347 25
347 26
347 29
347 30
347 35
347 36
347 37
347 39
347 67
347 70
347 71
347 72
347 73
347 74
347 78
347 79
347 80
347 90
347 95
347 99
347 100
347 101
347 102
347 103
347 104
347 110
347 111
347 114
347 115
347 116
347 117
347 118
347 119
347 120
347 121
347 125
347 126
347 127
347 128
347 129
347 130
347 131
347 132
347 133
347 134
347 137
347 138
347 139
347 142
347 143
347 144
347 145
348 149
349 114
349 115
349 116
350 90
350 96
350 97
350 117
351 75
351 107
351 124
351 128
351 129
352 100
352 114
352 119
352 120
352 125
352 126
352 127
352 128
352 129
352 130
352 133
353 0
353 1
353 2
353 3
353 21
353 22
353 23
353 25
353 75
353 76
353 78
353 90
353 91
353 94
353 99
353 100
353 101
353 102
353 103
353 104
353 114
353 115
353 116
353 117
353 118
353 119
353 120
353 121
353 127
353 128
353 129
353 130
353 132
353 133
354 99
355 25
355 114
355 115
355 116
355 117
355 119
355 120
355 121
355 125
355 126
355 128
355 129
355 130
355 131
355 132
355 133
356 13
357 1
357 2
357 3
357 4
357 20
357 21
357 22
357 23
357 25
357 90
357 114
357 115
357 116
357 142
357 143
358 121
359 21
359 36
359 37
359 38
359 39
359 40
359 46
359 47
359 48
359 49
359 50
359 51
359 52
359 53
359 56
359 57
359 58
359 70
359 71
359 72
359 73
359 74
359 75
359 114
359 120
359 132
359 133
359 139
359 140
359 141
360 0
361 91
361 101
361 102
361 103
361 104
361 129
361 130
361 132
362 2
362 3
362 4
362 5
362 20
362 21
362 71
362 72
362 73
362 74
362 90
362 99
362 110
362 111
362 114
362 115
362 116
362 117
362 118
362 119
362 147
363 20
364 3
364 4
364 20
364 21
364 22
364 23
364 24
364 71
364 72
364 73
364 74
364 75
364 76
364 100
364 101
364 103
364 104
364 114
364 115
364 117
364 118
364 119
364 121
364 127
364 128
365 120
365 128
366 92
367 124
367 125
367 126
368 120
368 129
369 20
370 0
370 2
370 20
370 114
370 115
370 116
370 119
370 120
370 121
370 125
370 127
370 128
370 129
370 130
370 131
370 132
370 133
371 112
371 117
371 120
371 121
371 149
371 167
372 90
372 91
372 93
372 94
372 95
372 96
372 97
372 99
372 100
372 101
372 102
372 103
372 104
372 128
373 90
373 118
373 150
373 166
374 2
374 3
374 4
374 20
374 22
374 71
374 72
374 73
374 96
374 114
374 116
374 117
374 120
374 121
374 128
375 121
376 99
376 124
377 114
377 115
377 117
377 121
377 125
377 132
377 133
377 147
378 36
378 37
378 125
379 37
379 90
379 121
380 171
381 125
381 129
381 139
381 142
381 143
381 153
381 160
381 161
381 162
382 2
382 115
382 117
382 118
382 120
382 121
382 125
382 126
382 127
382 128
382 129
382 130
382 143
383 101
383 103
384 74
385 35
385 45
385 46
385 90
385 91
385 93
385 94
385 95
385 96
385 97
385 142
386 75
387 30
387 99
387 144
388 116
389 110
389 111
389 114
389 115
389 116
389 117
389 119
389 120
389 125
389 126
389 127
389 129
390 88
391 15
391 91
391 121
391 130
391 131
391 132
391 133
391 142
391 143
392 141
393 16
394 17
395 120
396 78
396 149
397 1
397 2
397 3
397 4
397 5
397 20
397 21
397 22
397 23
397 24
397 67
397 78
397 90
397 91
397 99
397 100
397 101
397 102
397 103
397 104
397 111
397 114
397 115
397 116
397 117
397 118
397 119
397 120
397 121
397 125
397 126
397 127
397 128
397 129
397 130
397 131
397 132
397 133
397 134
397 137
397 138
397 147
397 153
398 31
398 59
399 0
399 1
399 2
399 3
399 4
399 5
399 6
399 7
399 20
399 21
399 22
399 23
399 24
399 25
399 26
399 29
399 30
399 38
399 70
399 71
399 72
399 73
399 74
399 75
399 78
399 79
399 80
399 110
399 114
399 125
399 126
399 127
399 128
399 134
399 135
399 136
399 137
399 138
399 142
399 143
400 38
401 77
402 1
402 2
402 3
402 4
402 12
402 20
402 21
402 22
402 23
402 26
402 71
402 72
402 73
402 78
402 79
402 116
402 117
402 120
402 126
402 134
402 136
402 137
402 142
402 147
403 1
403 2
403 3
403 4
403 20
403 21
403 22
403 23
403 25
403 37
403 38
403 61
403 72
403 73
403 79
403 99
403 100
403 101
403 102
403 103
403 104
403 116
403 117
403 118
403 119
403 120
403 121
403 125
403 126
403 127
403 128
403 129
403 130
403 131
403 132
403 133
403 134
403 137
403 142
404 114
404 125
405 100
405 101
405 102
405 103
405 104
405 114
405 115
405 116
405 117
405 118
405 119
405 120
405 121
405 125
405 128
405 129
405 130
405 131
405 132
405 133
406 114
407 32
408 85
409 126
410 27
410 120
411 121
412 18
413 38
414 114
414 115
415 20
416 114
416 120
417 14
417 103
417 121
418 99
418 101
418 114
418 115
418 125
418 126
418 127
418 128
419 78
420 12
420 15
420 31
420 121
420 131
420 141
420 145
421 10
421 22
421 162
422 15
422 18
422 20
422 85
422 86
423 90
423 91
423 92
423 95
423 96
423 97
423 98
424 32
424 33
424 61
424 87
424 120
425 150
426 19
426 29
427 91
427 93
427 96
427 97
427 98
428 1
428 2
428 3
428 4
428 20
428 21
428 22
428 99
428 100
428 103
428 114
428 117
428 119
428 121
429 0
429 1
429 2
429 3
429 4
429 5
429 20
429 21
429 22
429 23
429 25
429 70
429 71
429 72
429 73
429 74
429 90
429 99
429 100
429 101
429 102
429 103
429 104
429 114
429 115
429 116
429 117
429 118
429 119
429 120
429 121
429 126
429 127
429 128
429 129
429 130
429 131
429 132
429 133
429 147
430 4
430 20
430 22
430 25
430 100
430 101
430 102
430 103
430 104
430 114
430 115
430 116
430 117
430 118
430 119
430 120
430 121
430 125
430 126
430 127
430 128
430 129
431 1
431 2
431 3
431 4
431 20
431 21
431 22
431 23
431 25
431 99
431 100
431 102
431 103
431 104
431 110
431 113
431 114
431 124
431 125
431 142
432 1
432 2
432 3
432 20
432 21
432 22
432 110
432 114
432 121
433 92
433 97
433 98
434 99
434 100
434 118
434 119
434 120
434 121
434 127
434 130
435 120
435 121
435 128
435 130
435 131
435 132
435 133
436 114
436 119
437 2
437 3
437 20
437 21
437 22
437 114
437 116
437 117
437 125
437 126
438 111
438 115
438 120
438 121
438 128
439 61
440 121
441 121
442 17
443 1
443 2
443 4
443 5
443 25
443 115
443 116
443 117
443 119
443 120
443 121
444 20
444 115
444 117
444 120
444 121
444 129
444 130
444 132
445 20
445 21
445 110
445 114
445 115
445 125
445 126
446 114
446 119
446 125
446 126
447 104
448 22
448 70
448 90
448 91
448 94
448 95
448 96
448 97
448 98
448 102
448 103
448 104
448 117
448 119
449 90
449 101
449 103
449 104
450 95
450 97
450 99
450 100
450 101
450 102
450 103
450 104
450 128
451 149
452 91
452 92
452 95
452 96
452 97
452 98
453 73
453 74
453 99
453 100
453 114
453 115
453 116
453 117
453 118
453 119
453 120
453 125
453 128
453 129
453 130
454 2
454 3
454 4
454 5
454 20
454 21
454 22
454 23
454 24
454 37
454 38
454 39
454 40
454 72
454 73
454 74
454 75
454 99
454 100
454 101
454 102
454 103
454 104
454 114
454 115
454 116
454 117
454 118
454 119
454 120
454 121
454 125
454 126
454 127
454 128
454 129
454 130
454 131
454 132
454 133
454 142
455 25
456 20
457 39
457 99
457 100
457 101
457 102
457 103
457 104
457 118
457 126
457 127
458 2
458 20
458 21
458 22
458 23
458 57
458 58
458 59
458 60
458 61
458 75
458 76
458 94
459 143
460 120
460 121
460 129
461 2
461 4
461 5
461 73
461 101
461 102
461 104
461 111
461 114
461 115
461 116
461 117
461 118
461 119
461 120
461 121
462 127
463 121
464 90
464 95
464 96
465 16
466 149
467 38
467 90
467 91
467 92
467 93
467 94
467 95
467 96
467 97
467 98
467 99
467 100
467 103
467 115
467 116
467 117
467 118
467 119
467 120
467 121
467 125
467 126
467 127
467 130
467 132
467 133
468 2
468 4
468 20
468 40
468 102
468 104
468 111
468 114
468 115
468 116
468 117
468 118
468 119
468 120
468 121
468 125
468 126
468 127
468 128
468 129
468 130
468 131
468 132
468 133
468 135
468 147
469 118
469 120
469 121
469 133
470 114
470 115
470 121
471 36
471 37
471 46
471 52
471 90
471 140
471 141
472 114
472 115
472 116
472 118
472 120
472 121
472 125
473 95
474 91
475 114
475 125
476 0
476 2
476 3
476 20
476 21
476 22
476 114
476 117
476 118
476 119
476 120
476 121
476 129
476 130
476 131
476 132
476 133
477 20
477 22
477 94
477 99
477 100
477 101
477 102
477 103
477 104
477 115
477 116
477 117
477 118
477 127
477 130
477 132
477 133
478 101
478 102
478 103
478 104
478 114
478 115
478 118
478 120
478 121
478 125
478 126
478 127
478 128
478 129
478 130
478 131
478 132
478 133
478 140
478 143
479 20
479 21
479 22
480 2
480 3
480 4
480 20
480 21
480 22
480 23
480 25
480 26
480 70
480 71
480 72
480 90
480 99
480 100
480 114
480 115
480 116
480 117
480 118
480 119
480 120
480 121
480 125
480 126
480 127
480 128
480 129
480 130
480 131
480 132
480 133
480 140
480 142
481 20
481 22
481 114
481 115
481 116
481 117
481 118
481 119
481 120
481 121
481 125
481 126
481 127
481 128
481 129
481 130
481 131
481 132
481 133
482 25
483 91
483 95
483 96
483 97
483 98
483 99
484 12
484 17
484 33
484 60
484 86
484 87
484 88
484 121
484 130
485 114
485 121
486 121
487 93
488 14
488 90
488 91
488 92
488 93
488 94
488 95
488 96
488 97
488 98
489 99
489 100
489 114
489 115
489 117
490 39
490 49
490 90
490 142
491 120
492 20
492 21
492 103
492 114
493 22
494 35
494 36
494 39
494 47
494 115
494 116
494 125
494 139
494 140
494 141
494 158
495 2
495 3
495 21
495 22
496 1
496 2
496 3
496 4
496 5
496 20
496 21
496 22
496 23
497 2
497 3
497 4
497 5
497 21
497 22
497 23
497 24
497 60
497 61
497 71
497 72
497 73
497 74
497 75
497 94
497 110
497 114
497 115
497 116
497 117
497 118
497 119
497 120
497 121
497 125
498 115
498 116
498 117
498 119
498 125
498 126
498 127
498 129
498 130
499 94
499 117
499 121
500 102
500 103
500 104
500 120
500 121
500 128
501 101
501 102
501 103
501 104
501 111
501 114
501 115
501 116
501 117
501 118
501 119
501 120
501 121
501 125
501 126
501 127
501 128
501 129
501 130
501 132
501 133
501 147
501 153
502 1
502 2
502 3
502 4
502 20
502 21
502 22
502 23
502 24
502 30
502 37
502 39
502 40
502 71
502 72
502 73
502 74
502 75
502 79
502 90
502 99
502 100
502 101
502 102
502 103
502 104
502 110
502 114
502 115
502 116
502 117
502 118
502 119
502 120
502 121
502 125
502 126
502 127
502 128
502 129
502 130
502 132
502 133
502 134
502 137
502 138
502 139
502 142
502 143
502 145
503 21
503 35
503 36
503 37
503 56
503 57
503 58
503 70
503 71
503 72
503 73
503 114
503 115
503 117
503 137
503 140
503 141
504 15
504 16
504 17
504 35
504 45
504 46
504 84
504 85
504 91
504 92
504 95
504 96
504 97
504 149
504 161
505 140
506 111
506 114
506 115
506 116
506 117
506 125
506 126
507 90
507 91
507 95
507 96
507 97
507 98
508 4
508 20
508 21
508 22
508 95
508 121
509 90
509 91
509 92
509 93
509 94
509 95
509 96
509 97
509 98
509 99
509 100
509 101
509 102
509 103
509 104
510 144
511 116
511 117
511 118
511 119
511 127
512 114
512 116
512 118
512 119
512 120
512 121
512 127
512 128
512 130
513 90
513 93
513 95
513 96
513 97
513 98
514 103
515 120
515 121
515 132
515 133
516 114
516 115
516 116
516 125
517 2
517 4
517 20
517 22
517 36
517 37
517 100
517 101
517 102
517 103
517 104
517 110
517 111
517 114
517 115
517 116
517 117
517 118
517 119
517 120
517 121
517 125
517 126
517 127
517 128
517 129
517 130
517 131
517 132
517 133
517 138
517 143
518 121
518 125
519 0
519 1
519 3
519 4
519 20
519 21
519 23
519 24
519 25
519 26
519 30
519 36
519 70
519 71
519 72
519 73
519 78
519 79
519 110
519 114
519 124
519 134
519 137
519 142
520 120
521 0
521 25
521 29
521 32
521 84
521 99
521 100
522 104
523 2
523 101
523 119
523 120
523 124
523 127
523 128
523 129
523 145
524 120
524 121
525 20
525 21
525 22
525 110
525 114
525 115
525 116
525 117
525 119
525 125
525 126
525 128
525 142
526 2
526 3
526 4
526 20
526 21
526 22
526 110
526 111
526 114
526 115
526 116
526 117
526 118
526 119
526 121
526 125
526 126
526 127
526 128
526 142
527 114
527 140
528 1
528 2
528 3
528 4
528 5
528 6
528 20
528 21
528 22
528 23
528 24
528 26
528 36
528 70
528 71
528 72
528 73
528 74
528 78
529 1
529 2
529 3
529 4
529 5
529 6
529 20
529 21
529 22
529 23
529 24
529 26
529 35
529 36
529 37
529 38
529 39
529 40
529 46
529 47
529 48
529 57
529 58
529 59
529 60
529 61
529 70
529 71
529 72
529 73
529 74
529 75
529 96
529 99
529 110
529 114
529 115
529 116
529 117
529 118
529 125
529 126
529 134
529 137
529 139
529 140
529 141
529 142
530 59
530 75
531 36
532 0
532 1
532 2
532 3
532 20
532 21
532 22
532 23
532 110
532 111
532 114
532 115
532 116
532 117
532 118
532 119
532 120
532 121
532 124
532 125
532 126
532 127
532 128
532 129
532 130
532 131
532 132
532 133
533 91
533 95
533 97
533 98
534 22
535 22
536 111
536 114
536 115
536 116
536 117
536 118
536 125
536 126
536 127
536 128
537 1
537 2
537 3
537 4
537 20
537 21
537 22
537 37
537 60
537 61
537 71
537 72
537 99
537 100
537 102
537 103
537 110
537 114
537 115
537 116
537 117
537 118
537 125
537 126
537 127
537 128
537 142
537 143
538 115
538 125
538 129
538 130
538 132
538 133
539 1
539 2
539 3
539 4
539 5
539 20
539 21
539 22
539 23
539 110
539 111
539 114
539 115
539 116
539 117
539 118
539 119
539 125
539 126
539 127
539 128
539 129
539 130
539 131
539 132
539 133
540 1
540 2
540 3
540 4
540 20
540 21
540 22
540 23
540 24
540 71
540 79
540 114
540 115
540 116
540 117
540 118
540 124
540 125
540 126
540 127
540 128
540 129
540 134
540 142
540 143
541 20
541 21
541 22
541 118
541 120
541 126
541 127
541 128
541 129
541 130
541 145
542 30
543 114
543 115
543 117
543 118
543 119
543 120
543 121
544 118
544 119
544 120
544 121
544 133
545 120
546 38
546 101
546 103
546 104
546 114
546 115
546 116
546 117
546 118
546 119
546 120
546 121
546 125
546 126
546 127
546 128
546 130
546 133
547 120
548 110
548 114
549 36
550 2
550 20
550 84
550 110
550 111
550 114
550 115
550 116
550 117
550 118
550 119
550 120
550 121
550 125
550 126
550 127
550 128
550 129
550 130
550 131
550 132
550 133
550 147
550 153
551 90
551 91
551 92
551 93
551 95
551 96
551 97
551 114
551 120
551 129
551 130
551 132
552 121
553 102
553 103
553 104
553 120
553 121
553 127
553 128
553 129
553 130
553 132
553 133
554 1
554 14
554 22
555 100
555 101
555 102
555 103
555 104
555 114
555 115
555 116
555 117
555 118
555 120
555 121
555 125
555 126
555 129
555 130
555 131
555 132
555 133
556 9
557 16
557 90
557 91
557 93
557 94
557 95
557 96
557 97
557 98
557 99
557 100
557 101
557 102
557 103
557 118
557 119
557 121
558 73
558 90
558 91
558 92
558 93
558 94
558 95
558 96
558 97
558 98
558 99
558 100
558 101
558 102
558 103
558 104
558 115
558 116
558 117
558 118
558 119
558 120
558 121
558 126
558 127
558 128
558 129
559 35
559 120
559 140
560 165
561 0
561 1
561 2
561 3
561 20
561 21
561 22
561 71
561 114
561 115
561 116
561 117
561 118
561 119
561 120
561 127
562 75
563 1
563 2
563 20
563 21
563 22
563 25
563 35
563 36
563 37
563 38
563 39
563 42
563 43
563 44
563 47
563 48
563 51
563 57
563 120
563 121
563 140
563 141
564 2
564 3
564 20
564 21
564 22
564 23
564 35
564 36
564 37
564 114
564 115
564 116
564 117
564 118
564 120
564 125
564 140
564 141
564 147
565 90
565 91
565 95
565 96
565 97
565 98
566 101
566 102
566 103
566 104
566 111
566 114
566 115
566 116
566 117
566 118
566 119
566 120
566 121
566 125
566 126
566 127
566 128
566 129
566 130
566 131
566 132
566 133
566 147
566 153
567 120
568 38
568 121
569 129
569 130
569 131
569 132
569 133
570 38
570 114
570 115
570 116
570 125
571 114
571 115
572 120
572 121
573 22
574 0
574 1
574 2
574 3
574 4
574 5
574 6
574 7
574 12
574 20
574 21
574 22
574 23
574 24
574 25
574 26
574 29
574 30
574 32
574 33
574 38
574 70
574 71
574 72
574 73
574 78
574 100
574 101
574 102
574 103
574 104
574 110
574 111
574 114
574 115
574 116
574 117
574 118
574 119
574 120
574 125
574 126
574 127
574 128
574 134
574 135
574 136
574 137
574 138
574 139
574 140
574 141
574 142
574 143
575 0
575 1
575 2
575 3
575 4
575 20
575 21
575 22
575 23
575 24
575 136
576 1
576 2
576 3
576 20
576 21
576 22
576 100
576 101
576 103
576 110
576 111
576 114
576 115
576 116
576 117
576 118
576 119
576 120
576 121
576 124
576 125
576 126
576 127
576 128
576 129
576 130
576 131
576 132
576 133
577 35
577 37
577 40
577 70
577 71
577 72
577 73
577 74
577 75
577 76
577 101
577 103
577 139
577 140
577 141
577 146
578 90
578 95
578 96
578 103
579 90
579 95
579 96
580 101
580 102
580 103
580 104
580 133
581 65
582 25
583 101
583 102
583 103
583 114
583 117
583 118
583 119
584 121
584 148
584 155
585 90
585 91
585 92
585 95
585 96
585 97
585 98
585 119
585 121
586 100
586 101
586 103
587 35
587 36
587 37
587 38
587 39
587 40
587 46
587 47
587 48
587 49
587 51
587 53
587 70
587 71
587 72
587 73
587 137
587 138
587 139
587 140
587 141
587 142
588 25
588 75
589 148
590 15
590 17
591 1
591 2
591 4
591 20
591 21
591 22
591 23
591 32
591 67
591 90
591 92
591 93
591 94
591 95
591 97
591 98
591 99
591 100
591 101
591 102
591 103
591 104
591 111
591 114
591 115
591 116
591 117
591 118
591 119
591 120
591 121
591 125
591 126
591 127
591 128
591 129
591 130
591 131
591 132
591 133
592 93
592 94
592 97
592 99
592 100
592 101
592 102
592 103
592 104
592 121
592 130
592 132
593 93
593 94
593 97
593 99
593 100
593 101
593 102
593 103
593 104
593 121
593 130
594 60
594 93
594 94
594 97
594 99
594 100
594 101
594 102
594 103
594 104
594 121
594 129
594 130
594 133
595 60
595 93
595 94
595 97
595 99
595 100
595 101
595 102
595 103
595 104
595 121
595 125
595 129
595 130
595 133
596 90
596 120
597 20
597 100
597 101
597 102
597 103
597 104
597 111
597 114
597 115
597 116
597 117
597 118
597 119
597 120
597 125
597 126
597 127
597 128
597 129
597 130
597 132
597 133
597 147
597 153
598 0
598 1
598 2
598 3
598 4
598 5
598 6
598 7
598 20
598 21
598 22
598 23
598 24
598 25
598 26
598 27
598 29
598 30
598 31
598 32
598 33
598 36
598 37
598 38
598 39
598 40
598 60
598 61
598 67
598 70
598 71
598 72
598 73
598 74
598 75
598 90
598 95
598 96
598 99
598 100
598 101
598 102
598 103
598 104
598 110
598 114
598 115
598 116
598 117
598 118
598 119
598 120
598 121
598 125
598 126
598 127
598 128
598 130
598 133
598 134
598 137
598 138
598 164
599 120
599 121
600 2
600 3
600 4
600 20
600 22
600 140
600 142
601 35
601 36
601 47
601 140
601 141
602 127
603 144
604 25
605 102
605 103
605 104
605 119
605 120
605 121
605 128
605 129
605 130
605 132
605 133
606 0
606 1
606 2
606 3
606 4
606 5
606 20
606 21
606 22
606 23
606 24
606 25
606 26
606 29
606 35
606 36
606 37
606 39
606 52
606 70
606 71
606 72
606 73
606 78
606 80
606 90
606 110
606 111
606 114
606 115
606 116
606 117
606 118
606 119
606 120
606 121
606 124
606 125
606 126
606 127
606 128
606 129
606 130
606 134
606 137
606 139
606 142
606 143
607 2
607 3
607 4
607 5
607 6
607 20
607 21
607 22
607 72
607 134
607 137
607 138
608 125
609 1
609 2
609 3
609 4
609 5
609 20
609 21
609 22
609 23
609 36
609 37
609 39
609 71
609 72
609 73
609 78
609 79
609 99
609 100
609 110
609 114
609 115
609 116
609 117
609 118
609 119
609 120
609 125
609 126
609 127
609 128
609 129
609 134
609 137
609 142
609 143
610 20
610 36
610 37
610 128
611 23
611 100
611 101
611 114
611 120
611 125
611 129
611 130
611 132
611 133
612 24
613 125
614 103
614 104
615 125
616 119
617 39
617 71
617 73
617 90
617 99
617 100
617 101
617 102
617 103
617 104
617 114
617 115
617 118
617 127
617 128
618 58
618 61
618 70
618 71
618 72
618 73
618 74
618 75
618 76
618 90
618 91
618 92
618 93
618 94
618 95
618 96
618 97
618 98
619 2
619 3
619 4
619 5
619 20
619 21
619 22
619 23
619 91
619 111
619 114
619 115
619 116
619 117
619 119
619 124
619 125
619 126
619 127
619 128
619 147
620 91
621 119
622 55
622 137
623 125
624 0
624 22
624 23
625 38
626 148
627 72
627 73
627 74
627 75
627 76
627 93
627 121
628 73
628 75
629 121
630 38
631 102
631 103
631 104
631 111
631 114
631 115
631 116
631 117
631 118
631 119
631 120
631 121
631 125
631 126
631 127
631 129
631 130
631 131
631 132
631 147
631 153
632 121
633 115
633 116
633 117
633 125
633 126
633 128
634 87
635 19
636 1
636 2
636 3
636 4
636 5
636 20
636 21
636 22
636 23
636 24
636 26
636 30
636 33
637 85
638 129
639 129
640 2
640 3
640 4
640 20
640 21
640 22
640 78
640 79
640 120
640 127
640 128
640 132
640 133
640 134
640 137
640 145
641 37
641 140
641 141
641 146
641 150
642 20
642 41
642 44
642 56
642 57
642 58
642 59
642 60
642 61
642 71
642 72
642 73
642 74
642 75
642 139
642 140
642 141
643 37
644 20
644 100
644 103
644 104
644 111
644 114
644 115
644 116
644 117
644 118
644 119
644 120
644 121
644 125
644 126
644 127
644 128
644 129
644 130
644 131
644 132
644 133
644 147
644 153
645 2
645 4
645 20
645 21
645 22
645 101
645 102
645 103
645 104
645 110
645 111
645 114
645 115
645 116
645 117
645 118
645 119
645 120
645 121
645 125
645 126
645 127
645 128
645 129
645 130
645 131
645 133
645 143
645 147
646 27
647 3
647 4
647 5
647 20
647 21
647 22
647 78
647 79
647 126
647 127
647 128
647 134
647 142
648 57
649 25
649 32
649 35
649 36
649 114
649 116
649 121
649 125
649 126
649 132
649 133
649 141
649 158
650 84
651 0
651 1
651 2
651 3
651 4
651 5
651 6
651 7
651 20
651 21
651 22
651 23
651 24
651 25
651 26
651 29
651 30
651 36
651 37
651 38
651 39
651 40
651 42
651 43
651 44
651 46
651 47
651 52
651 60
651 67
651 69
651 70
651 71
651 72
651 73
651 74
651 77
651 78
651 79
651 80
651 90
651 100
651 114
651 116
651 117
651 118
651 119
651 120
651 121
651 124
651 125
651 126
651 127
651 128
651 129
651 130
651 131
651 132
651 133
651 134
651 137
651 139
651 142
651 143
651 145
651 147
651 148
652 38
653 0
653 35
653 36
653 45
653 46
653 47
653 48
653 49
653 50
653 51
653 52
653 69
653 93
653 133
653 140
653 141
653 146
654 2
654 3
654 20
654 21
654 22
654 114
654 115
654 116
654 117
654 118
654 119
654 125
654 126
654 127
654 130
654 147
655 85
655 89
656 22
656 55
656 56
656 57
656 58
656 59
656 60
656 61
656 71
656 72
656 73
656 74
656 75
656 76
656 94
657 115
657 117
657 118
657 147
658 15
658 17
658 18
658 19
658 22
658 29
658 32
658 84
658 87
659 121
660 120
660 121
660 129
660 130
660 131
660 132
660 133
661 22
662 121
663 144
664 22
664 100
664 102
664 104
664 116
664 117
664 119
664 120
664 127
664 128
664 129
664 130
664 132
664 133
664 143
665 78
665 101
665 103
665 104
665 111
665 125
665 126
665 127
665 129
665 130
665 131
665 132
665 133
666 46
666 47
667 38
668 67
668 95
668 96
668 97
668 98
668 101
668 102
668 103
668 104
668 118
668 119
668 120
668 121
668 129
668 130
668 131
668 132
668 133
669 97
669 130
669 131
669 132
670 6
670 25
671 3
671 4
671 20
671 21
671 22
671 23
671 114
671 128
672 0
672 1
672 2
672 3
672 4
672 5
672 6
672 7
672 20
672 21
672 22
672 23
672 24
672 25
672 26
672 29
672 30
672 35
672 36
672 37
672 38
672 39
672 40
672 46
672 47
672 52
672 61
672 70
672 71
672 72
672 73
672 78
672 79
672 80
672 90
672 95
672 110
672 111
672 113
672 114
672 115
672 116
672 117
672 118
672 119
672 121
672 124
672 125
672 126
672 127
672 128
672 137
672 138
672 139
672 142
672 143
672 148
672 155
672 164
673 15
673 68
673 87
674 0
674 1
674 2
674 3
674 4
674 20
674 22
674 23
674 100
674 120
674 121
674 128
674 129
674 130
674 131
674 132
674 133
675 21
675 22
675 114
675 115
675 116
675 117
675 118
675 125
676 50
677 114
677 115
677 116
677 117
677 125
677 126
678 90
679 20
679 21
680 38
681 2
681 36
681 152
682 25
683 1
683 2
683 3
683 4
683 5
683 20
683 21
683 22
683 30
683 79
683 102
683 114
683 118
683 120
683 121
683 125
683 127
683 128
683 129
683 130
683 131
683 132
683 133
683 134
683 137
683 138
683 144
683 145
684 1
684 2
684 3
684 4
684 5
684 20
684 21
684 22
684 23
684 24
684 26
684 27
684 29
684 30
684 31
684 39
684 72
684 73
684 74
684 79
684 80
684 99
684 100
684 101
684 102
684 103
684 104
684 110
684 111
684 125
684 126
684 127
684 128
684 129
684 130
684 131
684 132
684 133
684 134
684 137
684 138
684 139
684 142
684 143
684 144
684 145
685 25
685 149
686 2
686 3
686 4
686 5
686 20
686 21
686 22
686 23
686 24
686 35
686 36
686 37
686 38
686 39
686 40
686 41
686 43
686 46
686 47
686 48
686 49
686 50
686 51
686 52
686 53
686 56
686 57
686 58
686 59
686 60
686 61
686 70
686 71
686 72
686 73
686 74
686 75
686 76
686 78
686 79
686 80
686 94
686 95
686 99
686 114
686 117
686 118
686 119
686 126
686 127
686 128
686 134
686 137
686 138
686 139
686 140
686 141
686 142
686 143
686 160
687 2
687 4
687 21
687 40
687 100
687 101
687 102
687 103
687 104
687 114
687 115
687 116
687 117
687 118
687 119
687 120
687 121
687 127
687 129
687 130
687 131
687 132
687 133
687 137
688 100
688 101
688 102
689 21
689 22
689 23
689 134
689 135
689 137
690 120
690 121
690 132
691 38
692 2
692 4
692 20
692 22
692 23
693 120
694 61
694 99
695 16
695 17
696 0
696 1
696 2
696 3
696 4
696 5
696 6
696 20
696 21
696 22
696 23
696 24
696 25
696 26
696 27
696 30
696 35
696 36
696 37
696 38
696 39
696 40
696 48
696 70
696 71
696 72
696 73
696 74
696 75
696 78
696 79
696 80
696 90
696 99
696 100
696 101
696 109
696 110
696 111
696 114
696 115
696 116
696 117
696 118
696 120
696 121
696 124
696 125
696 126
696 127
696 128
696 129
696 130
696 131
696 132
696 133
696 134
696 137
696 138
696 139
696 142
696 143
696 145
696 164
697 115
697 116
697 117
697 118
697 119
697 120
697 121
697 125
697 126
697 128
697 129
697 130
697 131
697 132
697 133
698 38
699 25
699 145
700 125
700 128
700 129
700 130
700 131
701 27
702 32
702 114
702 120
702 121
702 129
702 130
702 133
703 7
704 25
705 103
706 2
706 5
706 20
706 21
706 22
706 115
706 116
706 125
706 126
706 127
706 128
707 120
707 121
707 129
707 130
707 131
707 132
707 133
708 110
708 114
708 120
708 121
708 129
708 132
708 133
709 2
710 99
710 100
710 101
710 102
710 103
710 104
710 118
710 121
710 127
710 128
710 129
710 130
710 131
710 132
710 133
711 166
712 0
712 1
712 21
712 22
713 0
713 1
713 2
713 3
713 20
713 21
713 22
713 23
713 25
713 70
713 104
713 135
714 100
714 101
714 102
714 103
714 104
714 111
714 114
714 115
714 116
714 117
714 118
714 119
714 120
714 121
714 125
714 126
714 127
714 128
714 129
714 130
714 131
714 132
714 133
715 103
715 128
715 129
715 130
716 103
716 104
716 118
716 127
717 1
717 2
717 3
717 4
717 20
717 21
717 22
717 23
717 37
717 38
717 60
717 61
717 71
717 72
717 73
717 74
717 75
717 94
717 96
717 99
717 100
717 101
717 102
717 103
717 104
717 110
717 111
717 113
717 114
717 115
717 116
717 117
717 118
717 119
717 125
717 126
717 127
717 128
717 134
717 137
717 142
717 153
717 164
718 26
719 20
719 21
719 22
719 23
719 91
719 93
719 96
719 114
719 115
719 116
719 117
719 125
719 126
720 2
720 20
720 21
720 22
720 125
720 145
721 111
721 125
721 126
721 127
721 129
722 2
722 3
722 5
722 20
722 21
722 22
722 114
722 116
722 117
722 124
722 125
722 126
722 127
722 128
722 129
722 130
723 2
723 20
723 39
723 101
723 102
723 103
723 104
723 114
723 115
723 116
723 117
723 118
723 121
723 125
723 126
723 127
723 128
723 129
723 130
723 131
723 132
723 133
724 91
724 96
724 99
724 100
724 101
724 102
724 103
724 104
724 111
724 114
724 115
724 116
724 117
724 118
724 119
724 121
724 125
724 126
724 127
724 128
724 129
724 130
724 131
724 132
724 133
724 147
724 153
725 22
725 114
725 115
725 116
725 117
725 118
725 119
725 120
725 121
725 128
725 129
725 130
725 133
725 147
726 99
726 100
726 101
726 102
726 103
726 104
727 95
727 96
727 97
727 98
727 99
727 100
727 101
727 102
727 103
727 104
727 128
728 125
729 35
730 25
731 74
731 75
731 100
731 101
731 115
731 116
731 117
731 118
731 120
731 121
731 129
731 130
731 131
731 132
731 133
732 25
733 114
733 115
733 116
733 117
733 118
733 119
733 120
733 125
733 128
733 130
733 132
733 133
734 25
735 2
735 35
735 36
735 37
735 70
735 71
735 72
735 73
735 90
735 140
736 117
736 121
736 132
736 133
737 90
737 91
737 92
737 93
737 94
737 95
737 96
737 97
737 98
737 103
737 104
737 119
738 20
738 21
738 22
738 135
739 68
739 172
740 101
740 103
740 104
741 163
742 121
742 129
743 115
743 116
743 118
743 130
743 131
744 1
744 2
744 3
744 4
744 5
744 20
744 21
744 22
744 23
744 24
744 25
744 26
744 30
744 79
744 91
744 110
744 111
744 124
744 125
744 126
744 127
744 128
744 129
744 134
744 135
744 137
744 143
745 1
745 2
745 20
745 21
745 22
745 23
745 72
745 114
745 115
745 116
745 117
745 118
745 119
745 120
745 121
745 125
745 126
745 127
745 129
745 130
745 131
745 132
745 133
746 25
747 87
748 4
749 114
749 115
749 117
749 120
749 121
750 17
750 36
751 2
751 3
751 20
751 21
751 22
751 126
751 127
752 114
753 121
754 124
754 125
755 91
755 96
755 97
755 98
756 13
757 27
758 33
759 28
760 129
760 130
761 129
762 35
762 36
762 47
762 48
762 139
762 140
762 141
763 119
764 25
764 32
764 57
764 60
764 75
764 84
764 125
764 134
764 135
765 149
766 157
767 18
768 157
769 28
770 115
771 117
771 118
771 120
771 121
772 35
772 90
772 91
772 95
772 96
772 97
772 98
772 99
772 115
772 116
772 117
772 121
772 140
773 90
773 95
773 96
774 121
775 113
775 116
775 121
776 121
777 121
778 90
779 90
780 120
781 2
781 3
781 4
781 20
781 21
781 22
781 95
781 99
781 100
781 101
781 102
781 103
781 104
781 114
781 116
781 117
781 118
781 119
781 121
781 125
781 126
781 127
781 128
781 129
781 142
781 148
782 116
783 121
784 90
785 25
785 114
786 25
786 119
786 120
786 132
786 133
787 119
787 121
788 12
788 25
788 119
788 120
789 18
789 99
789 100
789 101
789 102
789 103
789 104
789 121
789 132
789 133
790 25
790 119
791 121
792 121
793 35
793 37
793 46
793 47
793 48
793 52
793 73
793 74
793 91
793 95
793 96
793 97
793 100
793 101
793 102
793 103
793 104
793 125
793 140
794 18
794 115
794 116
794 118
794 119
794 126
794 127
794 128
794 129
794 146
795 99
795 100
795 101
795 102
795 103
795 104
795 121
796 121
797 95
797 96
797 97
797 98
798 121
799 85
800 20
800 21
800 22
800 23
800 35
800 36
800 37
800 38
800 39
800 40
800 41
800 42
800 43
800 44
800 45
800 46
800 47
800 48
800 49
800 50
800 51
800 52
800 53
800 56
800 57
800 58
800 69
800 70
800 71
800 72
800 73
800 74
800 75
800 76
800 78
800 79
800 99
800 100
800 101
800 102
800 103
800 104
800 127
800 128
800 137
800 138
800 139
800 140
800 141
800 142
800 143
801 2
801 3
801 4
801 5
801 20
801 90
801 99
801 127
802 121
802 132
803 37
803 90
803 142
804 22
804 44
804 90
804 121
805 68
805 90
805 95
805 96
805 103
805 104
805 121
806 2
806 3
806 4
806 20
806 99
806 100
806 101
806 102
806 103
806 104
806 117
806 128
807 121
808 90
809 0
809 1
809 2
809 12
809 20
809 21
809 25
809 29
809 35
809 36
809 69
809 70
809 78
809 121
809 128
809 130
809 140
809 141
809 143
810 25
810 95
810 96
810 100
810 101
810 102
810 103
810 104
810 117
810 118
810 119
810 120
810 121
810 127
810 129
810 130
810 131
810 132
810 133
811 12
811 119
812 99
812 101
812 102
812 103
812 104
812 119
812 120
812 121
812 128
812 129
812 130
812 131
812 132
812 133
813 90
813 118
813 119
813 120
814 12
814 121
814 129
815 116
815 119
815 121
816 8
817 0
817 115
817 121
818 121
818 132
818 133
819 1
819 2
819 23
819 111
819 114
819 116
819 117
819 121
819 125
819 126
819 127
819 128
820 117
821 121
822 115
822 117
822 121
823 121
824 113
824 121
824 125
825 1
825 2
825 101
825 103
825 104
825 111
825 114
825 115
825 116
825 117
825 118
825 120
825 121
825 125
825 126
825 127
825 128
825 129
825 130
825 131
825 132
825 133
826 56
827 100
827 102
827 120
827 121
827 128
827 129
827 130
827 131
827 132
827 133
828 25
829 119
830 1
830 2
830 3
830 4
830 5
830 20
830 21
830 22
830 23
830 24
830 26
830 38
830 39
830 47
830 48
830 51
830 70
830 71
830 72
830 73
830 74
830 75
830 78
830 79
830 80
830 90
830 95
830 96
830 97
830 100
830 101
830 102
830 103
830 104
830 117
830 118
830 119
830 125
830 126
830 127
830 128
830 129
830 130
830 134
830 137
830 142
830 143
830 155
831 25
831 119
832 95
832 96
833 119
833 120
834 1
834 2
834 3
834 4
834 20
834 21
834 22
834 23
834 61
834 75
834 103
834 104
834 125
835 2
835 3
835 4
835 20
835 21
835 22
835 23
835 116
835 124
835 125
835 126
835 134
835 135
835 142
835 143
836 15
836 16
837 114
837 115
837 116
838 149
838 152
839 114
840 27
840 104
840 121
841 1
841 2
841 3
841 20
841 21
841 22
841 93
841 100
841 101
841 102
841 103
841 104
841 110
841 111
841 114
841 115
841 116
841 117
841 118
841 119
841 120
841 121
841 126
841 127
841 128
841 129
841 130
841 131
841 132
841 133
842 120
842 129
842 130
843 120
844 90
844 95
844 96
844 97
845 2
845 4
845 20
845 21
845 22
845 23
845 24
846 114
846 125
847 22
847 118
847 119
847 120
847 133
848 121
849 61
849 130
850 20
850 21
850 22
850 99
850 115
850 117
850 118
850 124
850 125
850 126
850 127
850 128
851 120
852 120
852 121
852 125
852 128
852 129
852 130
852 131
852 132
852 133
853 120
853 121
853 129
853 132
853 133
854 0
854 2
854 22
855 0
855 1
855 2
855 3
855 4
855 20
855 21
855 22
855 23
855 25
855 69
855 70
855 71
855 114
855 115
855 117
856 102
857 25
857 153
858 61
858 67
858 93
858 95
858 96
858 97
858 98
858 130
858 147
859 0
859 1
859 2
859 3
859 4
859 20
859 21
859 22
859 23
859 114
859 120
859 121
859 124
859 125
859 129
859 130
859 131
859 132
859 133
859 134
859 135
859 137
860 132
860 133
861 118
861 128
861 129
861 130
861 131
861 132
861 133
862 17
863 118
863 119
863 126
863 127
863 128
864 1
864 2
864 3
864 4
864 5
864 20
864 21
864 22
864 23
864 24
864 71
864 72
864 73
864 114
865 99
865 100
865 104
865 115
865 116
865 117
865 118
865 119
865 147
865 153
866 27
866 35
867 19
868 68
868 90
868 91
868 92
868 93
868 94
868 95
868 96
868 97
868 98
869 17
870 2
870 3
870 4
870 20
870 21
870 22
870 25
870 36
870 114
870 116
870 119
870 125
870 143
871 120
871 121
872 88
873 61
874 128
874 129
875 4
875 27
875 30
875 120
875 128
876 30
876 31
876 156
877 31
878 121
879 18
880 53
881 4
882 25
882 114
882 116
882 117
882 119
882 120
882 121
882 125
882 126
882 127
882 129
882 130
882 131
882 132
882 133
883 104
883 114
884 25
885 115
885 116
885 120
885 125
886 32
887 1
887 2
887 20
887 21
887 23
887 37
887 110
887 111
887 114
887 115
887 116
887 120
887 125
887 127
887 128
888 34
889 140
889 141
890 120
890 121
890 129
890 130
890 131
890 132
890 133
891 1
892 2
892 99
892 100
892 102
892 103
892 115
892 120
892 121
892 129
892 130
892 132
892 133
893 2
893 5
893 20
893 21
893 22
893 26
893 30
893 32
893 99
893 100
893 101
893 104
893 110
893 114
893 116
893 117
893 118
893 119
893 127
893 134
893 137
893 143
894 17
895 18
895 90
895 119
895 121
895 166
896 114
896 115
896 116
896 117
896 118
896 119
896 120
896 126
897 2
897 115
897 116
897 120
897 121
897 125
897 130
897 132
897 133
898 0
898 114
898 115
898 116
898 117
898 118
898 119
898 120
898 121
898 125
898 126
898 127
898 128
898 129
898 130
898 131
898 132
898 133
899 0
900 121
901 2
901 20
901 21
901 22
901 37
901 71
901 72
901 73
901 74
901 75
901 114
901 115
901 116
901 117
901 124
901 125
901 126
901 142
902 25
902 27
903 102
903 118
904 132
904 133
905 1
905 2
905 20
905 21
905 22
905 114
905 118
905 120
905 125
905 127
905 128
905 143
906 103
906 104
907 25
908 1
908 2
908 3
908 4
908 6
908 7
908 20
908 21
908 22
908 23
908 24
908 71
908 134
908 135
908 137
908 138
909 0
910 27
911 115
911 116
911 117
911 125
911 126
912 2
912 20
912 21
912 23
912 95
912 114
912 115
912 116
912 125
912 129
912 134
913 120
913 121
914 115
914 116
914 125
914 143
915 90
916 115
916 116
916 117
916 118
916 119
916 120
916 121
916 125
916 126
916 128
916 129
916 130
916 131
916 132
916 133
917 115
917 116
917 117
917 120
917 121
917 126
917 129
917 130
917 133
917 147
918 149
919 37
920 114
920 115
920 116
920 125
921 27
922 130
922 133
923 120
923 121
923 130
923 131
923 132
923 133
924 2
924 4
924 20
924 21
924 22
924 23
924 26
924 27
924 30
924 90
924 114
924 115
924 116
924 117
924 118
924 119
924 120
924 121
924 125
924 126
924 127
924 128
924 129
924 130
924 131
924 132
924 133
924 134
924 147
925 91
925 92
925 95
925 97
925 98
926 2
927 114
927 115
928 17
929 132
929 133
